184390094
191217063
10548622
10081539
13542326
83924823
180192421
163239361
183341245
10955787
142778735
201602245
189010844
5787030
173277627
6490071
18259782
6403519
53445511
126906618
7978903
165904566
14933840
202507703
14567960
32606299
160288325
242724482
42282413
33655034
187763944
190569596
148417017
33113258
224208346
62135486
34200545
173128901
13255213
78335984
189492831
72657726
59381280
239599565
17900573
10774617
10111556
8854366
6630094
218599572
8799956
24402118
11016732
31953366
197215730
199528978
9344748
6058644
20805091
5622236
7247540
242115502
20662703
21817546
103213878
4537042
52654297
138234985
184901141
9608743
99238137
241093252
168615304
37750263
13679332
81876639
23081164
44725498
233418217
3808835
8155787
272581856
137823477
176330754
32547852
45423977
17409108
2657259
96600620
37300069
4859677
6522849
25426870
7399146
228738531
885306
9191130
13013858
207722764
207868068
100231663
23354324
5156302
8239101
87830324
37447565
218208644
16243292
13190561
235023483
263320678
16246064
30818106
139860976
7239871
53039784
10592661
14820565
257945908
29413274
50483524
13771308
40582281
8276922
6033527
29107647
16662608
9517165
127466340
16726465
16889393
12850287
226310739
126696368
12949785
30772172
269523215
64546979
49039083
13208220
15928085
70355783
57779264
13883243
17382949
7369074
34955022
14780388
13927092
11631147
79378985
8118158
39030405
138730946
22212107
6022653
39844895
28063703
16707457
14274412
15020584
33267493
64762298
137509712
13145671
12129868
39067802
8868731
132967723
20383656
138084577
196476053
89630424
235900398
10318197
98751460
46883977
24087835
76925319
25888379
53556389
12508016
136273911
9032806
13641101
9037893
21186361
17777090
43136058
195667561
13629126
25456321
83462475
11053899
69067965
201506427
17250150
16187073
11387929
18442830
108468008
10926792
268242227
9570637
138419374
65663632
96490759
122215189
31928690
15708769
32602989
15871584
12422844
205417393
25560591
7709423
252321092
14104654
10908096
89205487
21747684
29040483
8315840
31120090
55058635
104803196
138379588
21732127
20743204
24273108
29583889
17046211
29378924
34683144
54643742
15283232
16657487
12389853
41400026
18491679
267042129
55815648
84446532
27233704
17462347
13591541
18518231
3694219
38870454
11231658
15425254
23008846
101573428
89088868
11565716
47649762
20199098
78163227
14958581
10961105
17395793
75718432
18703883
177389188
145764702
11396994
79876468
116101270
103782407
21010464
6758738
15997244
15667907
16393555
144604852
22946456
8347528
44333505
69358140
262225005
9499849
2852114
137808801
8608102
98275885
14208052
85388385
33062450
10913025
28625349
18642650
8249490
14915924
174023994
58593131
11614248
16084649
221291728
161528256
11892883
94828439
7726604
16621669
53651925
10707593
155547679
22191922
137393159
92480492
26381544
233451637
59355388
90164637
32420874
134707138
78128875
71575568
19593646
53920704
47163218
75255783
13857365
6931605
71597051
95314532
133364334
182229144
157290259
164317036
6252767
13540444
17139074
79912921
41264437
77693288
55913445
104381719
55939364
39152166
23832238
25974599
15993979
19410416
20574308
36653922
104421657
101050065
10169388
20135885
87840057
10953391
16683134
42802747
86607599
17340634
21602663
14598032
26417142
20163976
37208822
10777942
18584681
29657911
6820241
44996390
167873250
53515360
39877542
16787685
24600605
21515810
32076190
20657089
57787054
33544680
86092923
14668976
49531303
19545831
134063257
46459012
17762644
148744341
132127731
54413595
35670522
36331624
101937082
15805940
57092232
15600100
250285084
5510041
42274016
67259880
51411705
58322301
190174357
19313517
36233604
132565781
13810719
223215710
1837467
37242573
10777702
13425413
10082928
99367161
235182626
22646886
22713725
95200536
10404925
11046474
5592761
19024454
10549651
57598346
92034920
224058399
27667393
22555353
17941706
85193581
12792224
8889710
20735260
10269734
50536455
28674639
45148403
187789283
75355761
13830443
214562394
24942109
15646579
118338054
11989043
21690645
62322977
9394863
24963975
14756176
17368619
15961243
11396352
145082668
49239114
18257307
