22120
35982
76503
89540
126461 174221018
178810 1002672 1515487
179967
200383
208157
221980 70385464
256973
281961 1002672 1458820
296480
301091
305560
309363
332283 1160153
342950
368488 4568483
414731
447617
512053
522996
620679
671394
678151
682115
762379
797078
855511
862736
916890
1002672 1515487 281961
1022395
1054157 14796071 195339252
1160153 332283
1233014
1366552
1393609 3693404
1458820 281961
1495014
1515487 1002672 7326017
1578782
1835987
1842357
1846013
1881898
1952486
2030567
2077551
2156570
2396366
2599431
2909028
2909081 4568483
2956297
3052630
3089442 8869569
3198592
3211013
3214326
3485920
3506016
3616686
3618260
3654653
3693404 1393609 55378251 191233207
3699867
3707864
3877033
4071881
4124318
4282582
4422168
4445194 7216521
4492694 32584006 96841492
4568483 368488 2909081 46112765
4662244
4678165 7216521
4706385
4747022
4802496
4839385
4867695
4900829
4904600
4942953
5135644
5185283
5246008
5267290
5378191
5515131
5550283 7216521
5567594
5631859
5722812
5726447
6075399
6237259
12801507
13209865
13449958
13592990
13780640
13915342
14050667
14104282
14119718
14290750
14551434
14796071 1054157
15055703
15110034 100996194
15272318
15294871
15326935
15382554
15402621
15647448
15652137
15675227
15722812 48035218
15755489 139906632
15802021
15944413
16174135
16213473
16649099 42002857
16955696
17048139
17112180
17151029
17282197
17333164
17527878
18060643
18120319
18299780
18434254 22369988 175851961
18566001
18578104
18591950
18651902
18716977
18919582
19339469
19358471
19647126
19729300 32326137
6240799
6372576
6941562
7216521 4445194 5550283 4678165 28993353
7326017 1515487
7342581
7488151
7548741
7678911
7700840
7710265 25138276
7719934
7766680
8135900
8302718
8344618
8445794
8455546
8808498
8869569 3089442
8888032
9188384 49268648
9359779
9360197
9385027
9496668
9756563
9828851
9846542
9911959
10077030
10172480
10494126
10597860
10811017
10889483 14050667
11022941
11517682
11542261
11543806
11631189
11728766 38991391 59080604
11881237
11913779
11928503
12161882
12301285
12627820
12695241
12757717
19736995
20217983
20531797
20546388
20610192
20859127
21219098
21264935
21377786
21893284
21925209 45510490
22178446
22331223
22360382
22369988 18434254 154661655
22400937
22443370
22578362
22724973
22800189
23273720
23618727
23919894
24092917
24202939 32326137
24279188
24463537
24641639
25121944
25138276 7710265
25317946
25605417
25916846
26316177 220368876
26341943
26574928
26698340
26879730
27268165
28850396
28993353 7216521
29027706
29340043
29415043
29882613
29897951
30365061
30544548
31147390
31705731
47129542
47616406
47760606
48035218 15722812
48721704
49018724 112511200
49268648 9188384
49747830
50263450
50656416
51203981
51263824
51621067
51906341
52205912
52375564
52910067
53087914
53448650
53520584
53524363
53534938
53590019
53731165 368488
53736585
54867773
55221169
55378251 3693404
55497740
55948691
56559460 11728766
58487950
58834277
59080604
59127664
59199363
59371625
59376101
59553290
62443473
63482444
64298724
64587042
65558070
65812597
65934039
66746771
67040080
68894871
69375203
31746677
32160746
32326137 19729300 24202939
32428891
32460655
32584006
33392013 159223063
33545325
33802425
34018924
34033226
34337750
34722508
34951295
35879774
36611140
37274435 32326137
37345826
37428733
37601500
37766048
37936444
38011855
38053598
38737236
38899985
38991391
39089925
39281777
39584200
39620030
39829742
39852312
40266793
40344800
41239974
41358081
41512821
41591530
42001123 8344618
42002857 16649099
42115430
42885721
43458564
44785408
44911708
45510490 21925209
46112765 4568483
46842552
46960679
70385464 221980
71117793
73200223
73215705
73413347
74323714
74603660
75067154
76950416 191233207
77196345
77231980
77665610
78102699
79319927
81212031
81265739
82357335
82482370
82615906
82629853
82665337
83735885
84117805
85275654
85890511
86503678
87068148
87266437
87294577
87317951
87432050
88815952
89553385
90678005
90982519
91398106
91906617
92103470
92463276
92956419
93851941
93855927
93883377
94125134 127090846
94641820
94958950
95428511
96060892
96409626
96453326
203898887
206078493
207577980
208475305
208898492
209739253
210467965
210570667
211639884
212492744
216071534
218035993
218892956
220368876 26316177
221418208
226158905
227304178
229046650
229251581
231175616
232086354
235599951
235713769
238501924
239385934
239831888
240348484
240831784
246052707
246262941
247784923
251470650
254092584
258533380
259934554
261456961
261639312
264078568
280167142
280996470
285395069
287386490
137010375
137523905
137807619
139237933
139511849
139722347
139906632 15755489
140109068
140453273
140916954
141041832
141410335 33545325 78102699
142518095
145306462
145746661
146546447
146940247
147479045
149124105
150265959
150942234
151244157
152290362
153462690
154095248
154240696
154661655 22369988 175851961
155057868
155777476
156081680
156406265
156656402
157216660
158866192
159223063 33392013
159447901
159546647
160004963
162779791
163030866
163104818
164074479
164112362
164569812
164614620
164688829
165051070
166768618
168494088
168510150
168928451
169097050
169397106
169743637
170324993
170759414
171165417
171495720
171834439 126461
172397886
172899720
174221018 126461
174439250
175851961 18434254 154661655
176224466
176319260
176879587
177538029
177699716
178454771
179325531
180461444
181011768
181041041
181446764
181466201
181543961
181581347
181675035
181834354
181951878
182112922
184077762
184083627
185111131
189411324
190077790
191233207 3693404 76950416
192884416
192897860
194081541
194479463
194519724
195339252 1054157
195644420
197209464
197246755
200214158
201289353
202107418
96841492
98020728
98817949
99113520
99134432
99316118
99341471
99877401
100405222
100996194 15110034
101674563
102110508
102418724
103454131
103827186
105339681
105395214
105651882
107025666
107359681
107496685
107924635
108161312
108660531
110814197
110961266
111011534
111939959 82665337
112334526
112511200 49018724
113475494
113488101
114181908
117495943
120424374
121890258
122171790
123853219
125428927
126682979
127090846
132122115
132729349
133825141
134965020
135161087
135198342
135648238
136344821
136832028
