3084297
6413
274243
1091
270488
5333
17787
7373
6053606
2541
5446628
432428
1719186
425000
350316
144253
351122
1713834
5781736
1836290
6944037
1151211
121293
251237
175977362
152238
5051584
1175118
88294985
122573
30018315
14616
6317745
2203645
1911633
504650
378781
111195
3503007
2562137
1596866
3189457
13102543
2150
8192698
522234
246270
549164
7462
9744525
1447805
500358
7068
18754209
3881142
14238
3562393
20304
4181011
11501436
1474986
38097687
554681
34787
11363322
2739183
2265488
6103003
177448
67815
3404746
14218337
35970666
35877977
2559236
1720186
4214465
37204393
700446
20778564
19385871
67215958
2292800
146742766
44722
16596856
38221014
3226573
24758624
1641728
1715612
25655712
61226335
10656479
3944631
676934
11773921
182058800
16138043
19535
74738455
853928
661401
7057075
1588979
2619
2569908
2505414
2674708
134295
369621
86040384
104153124
20754700
14006835
2675
3679868
98852
4569759
963486
5522521
1119
51841847
3335494
8468801
51424733
1475696
29805044
17954442
786202
40621568
4536275
3170263
7998
25214951
12645090
2848672
4683998
8376622
5455487
10337
6715
2555834
2193824
25064355
1568824
2657088
1810131
4599376
52769708
14253276
358940
13567441
2407525
3216633
13686806
90906447
651916
16429596
41746477
2639290
107095
19024209
7359953
12105083
7363164
62111660
7165701
39596561
2025894
93855
7609
31574527
9680305
2521595
931737
2370408
27325
438708
4508
820950
87567256
2421211
196771
7328222
127143
17771052
1477810
643827
397912
2699065
163706
19541651
5154
4206848
3588450
915078
18141204
15309342
10436908
178205553
17312440
5401566
12349598
17167
4399810
77512594
1895
3754275
42170
432895
1679382
3195849
19345037
17203571
16054
15047022
28877095
14179733
3882911
