13249369
13253871 69889918 69889918
13361423
13376349
13474303 22927600
13520894 65514781 65514781
13532882
13536322 61954271 61954271
13681366
13735467
13949846
14054596
14059658
14073704
14102912
14140887
14148252
14282300
14282312
14310583
14415189
14528377
14531126
14541230
14647201
14702261
14812516
14833978
15047294
15414021
15439373
15568657
15659038
15773313
15828186
15852344
15854759 88739669 88739669
15945220
15958776 22473540
16006753 113556182 113556182 19919405
16117526
16138256
16212959
16294178
16299661 100520846 100520846
16328168
16391342 67019401 67019401
16405165
16420984 156747773 156747773
16495588
1466672 78649016 74875559 8890405 12885791 12176207 24434379 159538714 159346857 74875559 78649016
1644259
2512547
3083257
3205238
3612293 30241925
3713374
3960281
3993892
4155777
4239958 154437297 5827824
4335615
4563232 162480166 223960946
4583209 163043243
4874287
5827824 154437297 4239958 154437297
5883150
6182099
6373288 162480166
6418056
6495386
6516085
6712515
6801685
6841327
6858692
6965676
7191910
7355612
7413312
7423045
7424070
7610114
7655250
7795871 19919405 22831331
8029692
8121033
8154700
8290231
8368753
8464789 134549302 134549302
8576235
8600437
8668597
8755084
8794073 34957920
8800212
8890405 78649016 1466672 78649016
9043445
9151758
16535476
16651823
16692252 134565012 208514467 134565012
16735026
16765554
16780430 52609563 52609563
16783163
16916375
17027060
17041154
17041968
17061110 133550397 133550397
17085361 59203946 59203946
17104432
17118025 18729339
17124818
17224163 152586628 152586628
17340477 241425468
17375621
17390853
17400189
17409985
17449243
17572208 83577395 83577395
17576047
17599272
17749387
17820104
18043900
18089683
18113773
18250902
18467013
18607844 57634293 57634293
18609525
18612667
18636617 136060799 136060799
18637051
18642988
18729339 17118025
18778106 167222851 167222851
18854070
18935648
19109107
19124575
19166478
19189810
19215994 246926197
19250492
19265888
9392253
9435249
9498366
9546550
9562315
9566534
9771131
9870433
10049979
10196114
10247078
10694162
10775774
10784902
10801599
10895611
10937576 154742033 154742033
11037830 56892059 56892059
11133164
11153446
11234095
11278744
11291869
11339718
11449544
11461568
11467411
11518561
11584876 52854156 52854156
11611951
11782104
11968517
12076280
12143862 51369330 51369330
12176207 1466672 12885791
12235379
12280976
12433170
12483453
12553434 73201041 73201041
12624683 196845812
12741633
12800277
12885791 78649016 1466672 12176207 24434379 33924240 159538714 78649016 159538714
12900412
13096578 135349765 135349765
13102535
13125174
13150709
13249368
26998904 102142179 115912176 102142179 115912176
27026586
27068949
27076335 281063596
27096971
27098303
27143340
27262169
27263411 21286500
27373008 31798242
27441479
27474482
27609895
27611486
27749386 165408049 165408049
27816271
27818817
27858924
27929653
27931858 216731827
27970865
28000517 42120392 183483866 213586168 183483866
28166546 114326963 177782370 114326963 177782370
28173805
28210086
28274598
28324898
28326784
28377650
28529552 206130514 206130514
28530830
28536767
28546946
28547810
28610486
28670829
28687865
28722786
28761809
28882703
28947263
28947897
29204869
29216808 37536697
29283068 142626210 142626210
29403513
29472508
29486758 50695444 165970209 165970209
29543822 106480405 106480405
29551807 114112684 114112684
21808119 66513289 66513289
21820775
21828590
21837443
21928831
22029242
22117803
22258611
22267575 153421382 153421382
22269448
22322684
22326979 126611049 126611049
22336897
22372292
22376677
22376717 240319722
22471837 138519902 138519902
22473540 15958776
22481081
22514297
22525483
22570460
22596037
22607468
22755807
22824143
22831331 7795871
22847908
22860600
22927600 13474303
23063852
23084999
23100391
23133072
23212265
23245841 47669842 224935459
23312582 98399765 98399765
23360453
23409133
23472168 79851104 79851104 240579715
23590143 212999566 212999566
23637792
23702283
23735727
23796003
23799208
23862031
23977916
24026007
24054895
24058586
24074227
24241758
24244998
24281635
24312100
24376460 149074456 149074456
24434379 1466672 12885791
24490044
24677311
24736439
24760115
24784163
24822999
24893588
25006754
25116972
25195885
25266857
25373855
25515381
25546021
25595701 66662727 32981584 66662727
25595952
25625938
25678464
25728096 66642492 66642492
25744611 108415048 131794617 108415048 131794617
25766378 69889918 69889918
25837262
25892229 77506312 77506312
25895300
25977370
26048918
26062599
26112381
26114400 33924240
26119500
26139898
26175215 154543222 57832062 77381940 57832062 77381940 154543222
26299471
26454558
26524909 106480405 106480405
26535420
26557481
26577588
26629062
26759587
26871524
26929649
19330690
19354118
19363021 220763207
19369119
19374194 51515065 51515065
19411366
19449303 161150962 161150962
19481068
19573412
19637253
19638544
19645873
19762018
19817590
19881349
19919405 143632813 7795871 16006753 143632813
20093211
20243328
20399197
20454502
20490865
20525638
20559655
20644290 173213084 173213084
20670024
20684358
20763280
20791850 44301307 44301307
20828999
20883477
20892644
21005016 86684508 86684508
21025244 208322415 208322415
21082720 66513289 66513289
21116670
21169225
21274175 198857469 198857469
21286500 27263411 193101215 193101215
21290843
21314215
21331048
21412986
21593795
21618470 35519261
21637480 127474692 133467944 127474692 133467944
21643435 115459483 115459483
21704245
21709412
21753566
21773220
32266125
32274769 27970865 191594069 191594069
32329850 60415527 60415527
32434320 174613568 174613568
32457786
32546839
32588516
32591023
32668288
32683087 217507789 217507789
32684015 219833924 82061068 82061068 219833924
32775895
32797229
32799317
32805578
32830987
32859768
32957114 30646224
32981584 25595701
33093901 49810669
33134895
33210585
33221600
33243467
33457990 142608320 142608320
33479075
33479875 121252496 121252496
33719603 162691771 162691771
33738400
33746906 145324097 145324097
33771733 137627210 137627210
33821596
33924240 12885791 26114400
34019560
34025374
34069387
34141314
34193109
34325619
34402159
34436752
34465542
34630508 80647104 71170309 71170309 80647104
34761535
34840465
34957920 8794073
35041316
35148726
35181199 125267108 187382507 125267108 187382507
35229976
29568463
29734451
29841377
30027383
30155833
30168528
30212129
30223931
30230136 68545517 68545517
30234420 53291589 53291589
30241925 3612293
30448205
30450555
30465857
30467106
30474437
30492642
30551025 182255261 182255261
30643933 242788245 242788245
30646224 32957114 42289446
30849087
30857957
30910871 258511302 258511302
31048804
31051121
31206452
31239154
31257389
31302488
31305329
31305462
31306076
31337254
31339014
31339088
31390357
31517981
31616099
31634665
31699360
31709136
31723582
31772572 229369623 229369623
31798242 143296451 27373008 143296451
31800641
31881772
31891922
32002924
32067027
32209550
35233672
35243751
35244570 117994071 117994071
35306231
35329859
35415089
35438730
35488980 37039317
35504227
35519261 21618470
35528371
35589915
35637685
35816490 63832477 63832477
35946851
36021807
36090965
36216302
36247379
36353709
36359559
36438437
36511335
36546963
36611360
36666524
36939282
37039317 35488980
37059573
37064124 97765725 97765725
37095031 138797405 138797405
37107032 201489348 201489348
37132729 213586168 213586168
37151973
37314817
37376748
37481867
37536697 29216808 60141003 60141003
37862985
37875857
38079734
38168085
38305330 158623016 158623016
38391805 92059680 92059680
38399264
38442579
38538929
38554857
38583577
38627420 59591267 59591267
38639238
38759895 227047122 227047122
38867386
38931866 66328393 66328393
38987938
38989443
39013627
39014024
39118615 82534835 82534835
39410693
39617467 79557118 79557118
39622135
39650694
39692371
39710216
39749818 199199143 199199143
39826157
39830293
40151620 197465985 197465985
40169097
40193631
40293298 177936114 177936114
40418785
40458424
40731735 180092611 180092611
40899873
40949444
41011627
41058259 56708240 56708240
41070686 72734523 72734523
41113512
41152919 163948069 193368687 163948069 193368687
41193233
41494806 136279060 136279060
41730196
41864264
41929857
42120392 28000517
42126853
42210455
42289446 30646224
42373182
42479716
42606927
42624333
42679981
42748365
43047250 82318373 147758604 82318373 147758604
43051253 114511985 114511985
43136767 176929083 176929083
53377787
53422922
53499351
53580874
53679897
53745034
53748149
53762615
54200860
54252974
54440870 66444522 66444522 190462474 190462474
54465313
54533059 78649016 78649016
54561636
54577998 78364603 78364603
54802162
55029658
55287783
55311303 189656904 189656904
55451822 66513289 66513289
55652118
55690704
55744937
55754755 133550397 133550397
55822828
55876268
56025647
56029352 280018922 280018922
56074542
56094266
56205664
56241616
56241980
56267798
56391062
56539975 209400566 209400566
56551144
56693504
56708240 41058259
56714670 93637699 93637699
56738796
56864550
56880103
56892059 11037830
56899805
56904951
56910242 180932853 180932853
57160083
57395488
57475317
43149628
43210300
43672703
43773037 43773368 43773368
43773368 43773037 43773037
43790608 200896879 200896879
43823266 155410702 155410702
44007473
44137500 71708240 71708240
44161664
44212026
44225450
44301307 20791850
44386274
44565048
44717042
44728565
44729333
44904071
44995412
45262935
45274195
45299391
45310911
45350512
45613835
45692908
45875040
45903627
45915167 122783455 122783455
46012651
46045448
46189713
46247230 107783302 107783302
46325361
46523183
46725873 210046721 210046721
46913808 84639739 84639739
46941983
47025040 253549375 270400873 270400873 253549375
47081440
47217054
47226356
47669842 23245841
47873952
48154792
48177509
48235084 152586628 152586628
48498973
48663503
57496280
57595883
57634293 18607844
57635934
57646818
57832062 26175215
57834927 161107383 161107383
57870008 134482443 134482443
57873453
57903544
57928414
58056568
58088897 126651454 201234735 126651454 201234735
58104611
58135534 136983035 136983035
58260003
58305540
58379533
58452726
58454135
58466147
58518543
58525670
58551309
58700860
58734217
58778464
58831539
58895032 61824001 61824001
58918542
58994957
59017194
59045426
59060787
59158775
59202773
59203946 17085361
59309569
59591267 38627420
59656661
59663305
59957398
59969427
59989210 50208553
60064353
60067515
60141003 37536697
60148811
60290340
60369896
48737900
49388115
49408124
49537425
49571628
49712911
49726093
49810669 33093901 138665696 138665696
49852417 140196834 140196834
49933307
50022424
50060161
50208553 59989210 59989210
50232892
50270724
50297135 228857645 69936599 69936599 228857645
50435087
50519067
50557921 74903074 74903074
50695444 29486758 165970209 165970209
50712458 197446803 197446803
50750047
50877323
50940449 132977464 196453145 132977464 196453145
51067540 133901397 133901397
51109929 149074456 149074456
51121177
51174912
51180170 197446803 197446803
51346172
51365572
51369330 12143862
51451008
51493790
51515065
51543457
51611270
51644111
51656335
51665079
51868460 133971281 133971281
51900918 174613568 174613568
51988053
52158259
52362716
52609563 102142179 121628928 16780430 102142179 121628928
52839215
52854156 11584876
52860975
53291589 30234420
64019052
64038257
64075345
64090473
64097840
64127012
64357848
64537700
64559358
64598473
64657092 96964797 96964797
64671431
64791446
64833732
64873144
64881309
65032553 129646636 182410549 129646636 182410549
65250295
65252169
65371805
65449243
65514781 13520894
65694514
65731910
65744147
65750091
65776851 82789121 92383075 82789121 92383075
65819020
65842712 102720327 102720327
65889614
65892066 178671548 178671548
65912604
66061857
66091588
66230709
66328393 38931866
66444522 54440870 54440870
66513289 79557118 108779840 21808119 21082720 55451822 154766686 55451822 171302988 79557118 108779840 154766686 171302988
66531846
66536011
66642492 73013938 25728096 73013938
66661524
66662727 25595701
66896188
66903663
66964651
67019401 16391342
67139912
67159740
67242022 88061418 88061418
60374640
60415527 32329850
60437906
60536404
60733313
60736652
60789604
60869790 61980506 61980506
61012016
61152132
61204652
61306592 184632877 184632877
61353275
61428864
61478436
61481314
61662380
61792379 73113048 73113048
61824001 58895032 58895032
61894089 80107065 80107065
61954271 13536322
61980506 112610952 60869790 60869790 112610952
62050913
62056331 140304196 255157072 140304196 255157072
62061149
62088067
62138230
62207074
62318696
62365272
62395646
62425719
62533864 171981631 171981631
62559636
62623482
62665633
62698852
62902552
63006791
63077312
63122599
63165581 69116941 69116941
63221756
63312563 100530819 100530819
63484974
63550936
63666291
63676629
63780135
63832477 35816490
70073950
70206847
70228951
70231161
70232433 126433156 126433156
70235690
70448001
70477701
70513363
70520335 106397633 106397633
70570513
70588855
70591662
70707032
70740859
70802818
70989494
71043280
71146018
71170309 80647104 34630508 80647104
71294258
71362746
71414074
71449661
71489911
71508594
71551655
71562975
71565021
71643120
71665303 240039265 240039265
71666130
71673996
71708240 44137500 44137500
71721880
71737204
71850545
71883927
72023931
72062686
72223821
72298683
72415544 74875559 74875559
72418564
72586327 179730665 179730665
72600150
72600785
72689425 230427232 230427232
72706259 74986886 74986886 216731827 216731827
72734523 41070686
67245431
67299459
67303758
67315700
67400988
67418669
67428189
67461478
67499440
67510677 67793922 67793922
67570606
67577488
67584998
67793922 67510677 92059680 67510677 92059680
67798939
67863199 163948069 163948069
67873725
67961462
68045209
68056127
68106272
68124329
68144053
68161848
68243960 131958337 150688509 131958337 150688509
68320006
68505117
68522287
68545517 30230136
68756293
68765579
68794034
68818780
68899147
69089047
69116941 137304511 137304511
69162361
69285464
69438075
69476398
69502818
69566119 137886021 154900628 137886021 154900628
69786707
69802998 154160735 154160735
69889918 13253871 25766378
69936599 50297135 186561447 186561447
69937320
69967769 132461033 132461033
69992782
70013452
77709405
77760468
77823673
78191811 210046721 210046721
78337936
78364603 54577998 54577998
78369239
78387202
78483099
78605270
78649016 1466672 8890405 12885791 54533059 54533059
78983683
79169507
79235178
79254760 87529897 238910879 87529897 238910879
79283062
79557118 66513289 39617467 66513289
79677893
79721172
79848296
79851104 23472168
79964729
80039539
80107065
80164902
80237367
80315369
80421770
80423429
80446869
80586124
80647104 34630508 71170309 71170309
80714331 162630332 162630332
80730371
80878213
81048526
81101632
81345915
81371866
81406151
81427570
81435668
81561054
81695849
81697757
82033228
82061068 120895858 138891360 120895858 219833924 32684015 143225304 138891360 143225304 219833924
82076810
82168130
82205461
82283685
82318373 146699449 43047250 146699449
82322142 168988490 168988490
82325000
82417638
82534835 39118615
82789121 65776851 65776851
82808327
82890074
82918420
83233443 136645364 164444982 136645364 164444982
83445345
83577395 17572208
83617237
83679527
83803138
83863558 87960731 134161433 162886116 87960731 134161433 162886116
83877599
83894851 118624642 118624642
83941643
83959650
84211602
84245418
84294142
84306655
84402152
84639739 89931653 46913808 89931653
84648511
84649191
84707960
84786013
84917754
84930088
84997871
85025416
85271358
85355948 161727074 161727074
85442644 148012777 148012777
85570055
85623457
85704790 99351926 99351926 243723963 243723963
85860570
85974710
86359100
86415544
86684508 21005016
86735733
86920205 197465985 197465985
86939817
86953187
87009031
87115104 156946111 156946111
87235620 150296336 180932853 188116299 150296336 180932853 188116299
87529897 79254760 79254760
87570033
87677369
87739829
87799866 113212049 113212049
87819704
87960731 83863558 83863558
87968501
88061418 67242022 67242022
88112353
88117554
88128694
88171112
88275250
88489479
88548712
88613929
88616720
88703226
88734468
88739669 15854759
88808738
89102989
89117690
89167369
89235073
89320163
89342636
89361698
89467583
89531449
89554429
89559739
89585024 186329859 186329859
89655303
89659162
89720732
89931653 84639739 84639739
89936681
89946523 205152350 205152350
89954772
90033337 156388430 156388430
90054006
90192685
90268714
90311429
90430025
72766719
72793810
72870891 177782370 229254314 177782370 229254314
72981120
73013938 66642492 66642492
73113048 61792379 61792379
73150917
73157634 102862452 102862452
73164794
73179058
73201041 12553434
73274916
73363073
73383404 119709213 119709213
73476471
73509610
73565408
73645159
73665004
73756249
73767219 127384382 127384382
74309698
74397630
74464940
74534027
74609035
74666651
74875559 1466672 72415544 159538714 72415544 159538714
74903074 224506759 50557921 224506759
74986886 72706259 72706259
75041069
75045332
75218492
75309305
75445522
75544343
75777975 166552039 166552039
76072907
76152630
76331199
76358613 124491781 124491781
76414409
76515597 129646636 129646636
76590909
76696075
76725701
77381940 26175215
77415068
77506312 25892229
77588681 148377249 148377249
94869540 135403184 135403184
94907499
95094348
95257716
95322514
95456256
95476574
95532671
95569544
95794709
95865482
95953268 259982863 259982863
96068833
96188109
96233193
96268838
96300333
96458032
96470161
96648604
96768424 208990619 208990619
96834940 189273967 189273967
96884302
96889039
96964797 64657092 64657092
96985035 99544384 99544384
97016712
97018841
97155170 134330639 134330639
97208937
97414263
97679733
97765725 37064124 198857469 198857469
97794808
97858721
97884214
97952854
98210735
98234411
98244011 155964386 155964386
98368403
98399765 23312582
98638089 147522982 147522982
98657181
98669418 122289496 122289496
98828005 114644042 114644042
98860522
98895585
98908171
99351926 85704790 85704790
90459083 122783455 122783455
90757639
90913134
91021788
91223280
91265552
91338260
91353536
91391512
91548761
91584848
91726143
91785512
91812376
91854121
91880727
92059680 67793922 38391805 67793922
92108449
92111097
92222070 177782370 229254314 177782370 229254314
92232142
92271058
92383075 65776851 65776851
92407893
92507446 210080358 210080358
92514913
92669189
92783123
92831002
93072538
93076250
93405434
93637699 56714670 56714670
93743339 143159083 143159083
93823257
93839617
93846173
93860669
93944917
94101990
94250489
94252893
94253648
94325468
94642709
94680695
94705709
94750222 105244681 105244681
94759397
94853457 199720156 199720156
99396151
99472535
99509185
99544384 96985035 96985035
99903820
99961409 156122351 156122351
99975507
100066999
100321344
100340924
100520846 16299661
100530819 63312563 63312563
100619818
100648525 197987728 197987728
100681149
100875647 216955692 138665696 138665696 216955692
101142186
101158991
101177603
101289679 154437297 154437297
101585581
101814495
101913841
102038840
102076115
102111492 138549716 138549716
102112451
102142179 107915263 121628928 26998904 52609563 52609563 107915263 121628928
102159303
102166919
102198307
102213045
102330129
102357271 111486165 111486165
102409103
102484972 263023343 199763724 199763724 263023343
102616438 140143255 140143255
102616921
102681083
102720327 65842712 65842712
102779977
102834548
102862452 73157634 178093901 73157634 199491661 178093901 199491661
102914958
102927796 159885617 251996637 159885617 251996637
103300727 116621890 116621890
103386022
103395174
103407369
103407520
103470938
103511163
103583243
103777369
103986977
104025382
104117159
104121212 158820575 158820575
104143005
104219554 135077099 135077099
104261187
104410899
104455672
104507285
104515079
104639122
104765863
105244681 94750222 94750222
105352049
105371004
105602058
105614504
105617947
105717690
105871340
105917915
106091926
106110420
106236372
106262371
106343396
106358041 137266867 137266867
106397633 70520335 70520335
106480405 115468006 111046313 26524909 29543822 111046313 115468006
106580574
106641432
106672739
106687557
106746589
106748302
106840417
106863995
107026540 132270583 132270583
107090366 198857469 212469024 198857469 212469024
107099680
107281327
107291740
107296366
107302426
107369868 240319722 240319722
107420100
107469301 143159083 143159083
107544891
107558261
107671872
107691423
107731377
107783302 46247230
107909324
107915263 102142179 102142179
107935697
108135431
108234560
108415048 131794617 25744611 158623016 131794617 158623016
108435246
108437025
108677248
108779840 66513289 66513289
108836767
108847212 139583377 139583377
109291144
109520296
109522030
109534671
109562754
109584201
109590883 121353728 121353728
109606881
109863172
110081777 137758240 137758240
110116332
110426246
110581478
111046313 106480405 106480405
111214067
111328528
111482342
111486165 102357271 102357271
111491357
111561714
111577036
111819580
112112518
112456948
112472320
112610952 61980506 61980506
112657350
112836434 165847952 165847952
112904548
113005262
113210826
113212049 87799866 87799866
113237402
113291808
113292678
113352710
113375488
113389142
113463788
113556182 16006753
113590875
113717389
113760369
113789704
113839907 167520837 167520837
113872954 145763461 145763461
113882343
113937071
113975061
114112684 132458142 29551807 132458142
114179693
114263027 117608922 117608922
114304839
114309721
114326963 28166546
114343909
114502798
114511985 43051253
114536525
114644042 98828005 98828005
114751884
114979192
115121283
115437015
115453771
115459483 21643435
115468006 106480405 106480405
115798986
115912176 26998904
116111188
116186085
116269209
116431408
116444209
116512967
116593072
116621890 103300727 103300727
116723821 156946111 156946111
116838841
117211519
121768560
121886815
121923883
121956848
122101152
122257549
122280954
122289496 98669418 98669418
122326842
122419844
122437902
122438130
122471392
122507826
122562136
122642179
122710613
122713826
122783455 90459083 133416694 45915167 90459083 133416694
122913115
123002448
123057641 124725112 124725112
123144114 121524824 121524824
123223491 224647920 224647920
123405047
123408749
123457751
123460711
123506183
123512931
123558364
123558721
123791897
123811801
123817753
124094795
124199355
124271281
124316949 205808486 205808486
124350095
124398505
124491781 76358613 76358613
124548345
124657807
124725112 123057641 123057641
124945992
124998498
125026927 137726094 137726094
125162799
125223110
117251870
117261869
117464886
117535847
117608922 114263027 114263027
117694987
117704597
117761331
117903833
117943031
117971083
117994071 35244570
118156704
118465911
118466704 210566429 210566429
118501693
118594109
118624642 83894851 83894851
118669295
118775486
118830609
119022954
119290808
119487009
119616425
119623492 136740636 136740636
119636225 235578238 202919145 235578238 202919145
119709213 73383404 73383404
119776405 125940574 125940574
119881097
119934745
120363359
120398213
120615986
120832094
120843710 151443517 151443517
120895858 82061068 82061068
121111812
121252496 33479875
121297574
121353728 109590883 109590883
121416835
121459610
121484274 136283213 136283213
121524824 123144114 123144114
121547485
121583101
121608207
121628928 102142179 52609563 52609563 102142179
121712633
125267108 35181199
125370412
125555107 218989500 218989500
125622391 139542930 161173426 139542930 161173426
125676237 147840810 147840810
125722977
125830955
125940574 119776405 119776405
125953937
126122116
126197564
126322209 128901318 128901318
126322485
126324562 225003197 225003197
126433156 70232433 70232433
126446557
126485545
126611049 22326979
126651454 58088897 58088897
126661069
126690742
126698264
126702643 218643245 218643245
126725032
126737738
126836375
126879770
127021276
127384382 73767219 73767219
127405325
127474692 133467944 21637480 133467944
127499434
127828847
127851301
127958188
127974490 145864190 145864190
127986074
128045578
128046323
128311381
128430888
128443232
128629898 151787714 151787714
128901318 151413177 126322209 126322209 151413177
128923002
129114616 139722073 139722073
129203596
129427630
129646636 65032553 76515597 65032553 76515597
130686966 131529274 131529274
132762833 136947620 136947620
132770318
132779052
132813882 139913467 139913467
132884440
132927914
132977464 50940449
133013636
133059417
133116338 141050645 141050645
133151790
133180622
133183718
133205182
133257399 139545261 161046026 139545261 161046026
133278228 153686777 153686777
133292147
133314483
133316033
133316417
133328607
133387681
133416694 122783455 122783455
133456216 251561747 251561747
133461102
133467944 127474692 21637480 127474692
133485182
133518163 237578331 237578331
133520982
133550397 17061110 145400966 145400966
133572114
133731858
133768018
133770911
133808495
133827251
133865930
133901397 51067540
133912271
133971281 51868460 51868460
134021857
134035237
134095807
134102582
134109916
134113920 156595647 156595647
134122092
134133309
134161433 83863558 83863558
134211515 193458972 193458972
134213977
134222590
134227014
134239688 182237057 182237057
134305199
134330639 97155170 97155170
134358053
134444243
134476373
134482443 57870008 57870008
134494577
134549302 8464789 151960347 151960347
134565012 16692252 256653592 256653592
134620941
134664337
134683578
134690849
134709093
134737314 139752254 139752254
134741998 148186378 148186378
134772988
134786444 219772440 219772440
134865656
134882242
134912395
134914251
135016989
135048319 153421382 153421382
135071536 135810476 251411122 135810476 251411122
135077099 104219554 104219554
135087144
135128226
135134384
135250698
135273019
135287457
135321753
135349765 13096578
135360505
135378077
135403184 94869540 94869540
135416178
135434140
135559234
135648411
135670912
135680632
135745382
135755488
135766065
130703490
131307763
131508883 131997528 131997528
131529274 130686966 183096521 130686966 183096521
131536031
131580314
131599107
131630601
131664326 198857469 198857469
131673647
131687700
131759711
131794617 108415048 25744611 108415048
131822395
131866069
131897923
131915872
131958337 68243960 68243960
131970753
131997528 131508883 131508883
132052592
132100696
132126471
132143696
132148926
132167115
132170051 260916651 260916651
132237969
132238686
132253660
132270583 107026540 107026540
132292332
132360132
132374980 198857469 198857469
132388024
132396278
132413619
132458142 114112684 114112684
132461033 69967769 69967769
132477620
132518317
132562412
132564069
132569014
132671379
132672988 198857469 198857469
132689925
132701499
132725669
132753808
137266867 106358041 203613508 106358041 203613508
137303242
137304511 69116941 138289732 69116941 138289732
137332081
137345878
137378034 151960347 151960347
137455891
137508034
137598032
137627210 33771733
137674090 225103939 225103939
137726094 125026927 125026927
137758240 110081777 110081777
137774089
137803634
137853472
137863838 166510535 166510535
137886021 69566119 69566119
137901801 190467299 190467299
137973230 144495613 212711102 221404771 144495613 212711102 221404771
138030796
138036000
138083351
138135448
138173633
138188248
138193921
138234132
138243370
138261615 198857469 198857469
138263209
138289732 137304511 137304511
138295867
138400684
138408631 215301717 215301717
138420395
138441603
138498242
138519902 22471837
138541672
138549716 102111492 102111492
138630549 140246351 140246351
138665696 100875647 49810669 100875647
138688402 152447145 152447145 190848318 190848318
138698965
138797405 37095031
138814669
138875939 25744611
138891360 219833924 82061068 143225304 82061068 143225304 219833924
138984668
135775121 139149288 139149288
135810476 135071536 135071536
135897718
135982349
135988418
136060799 18636617
136226909
136279060 41494806
136283213 121484274 121484274
136304787
136311999
136322886
136337317
136345413
136371346
136379427
136396380
136406258
136411419
136544552
136564764
136568964
136599372
136607276
136628591
136645364 83233443 83233443
136645587
136645835
136659081
136698166
136740636 119623492 119623492
136793514
136815826
136874185 153619914 153619914
136904298
136904303
136921032
136944187
136947620 132762833 132762833 263036273 263036273
136983035 58135534 58135534
137027747
137066649
137077826
137099181
137145149
137182580
137208419
137225174
137229555
137249456 32981584
139005887
139012944
139022179
139023441
139090119
139131717 165288347 165288347
139137132
139149288 135775121 135775121
139199694
139239679
139279392
139287989
139297767
139344713
139346587
139364293
139375416
139380910
139465059
139491715
139518418
139522788
139542930 125622391 125622391
139545261 133257399 133257399
139583377 108847212 108847212
139622740
139633873
139722073 129114616 129114616
139752254 134737314 190467299 134737314 190467299
139824628
139840783
139902419
139913467 132813882 132813882
139948295
139975927
139982437
140015541 161412398 161412398
140068693
140116391 155633021 155633021
140143255 102616438 102616438
140196834 49852417
140243273 155633021 156490804 156490804 155633021
140243953
140246351 138630549 138630549
140300623
140304196 62056331 62056331
140405672
140410796
140419397
140448715
140473548
140499159
140568420
140652071
140712358 196813336 196813336
140721019 109534671 109534671
140784870 189731451 189731451
140934985
140941435
140979687
141029344
141029946
141048635
141050645 133116338 133116338
141281558 229124677 229124677
141284669
141312753
141373370
141376563 156168888 156168888
141406503
141513754
141558001
141603080
141710846
141748416
141777279
141787839
141789299
141829648
141971910
141982179 190467299 190467299
142062932
142077435
142078757
142092018
142169179
142195617
142233949
142244306
142309378
142354891
142370163
142380033
142401602
142505953
142533087
142589473
142608320 33457990
142624440
142626210 29283068
142628315
142630856
142660703 223145510 223145510
142684697
142688648
142799590
142812027
142908748
142988724
142998808
143096171 217552412 217552412
143159083 93743339 107469301 177895251 196453145 93743339 107469301 177895251 196453145
143190196
143205134
143225304 138891360 219833924 82061068 82061068 138891360 219833924
143231924
143277603 224572487 224572487
143296451 31798242
143327643
143386509
143422183
143493849
143545948
143580713
143583221
143632813 19919405
143674886
143722069
143738645 152602274 152602274
143761265
143868322
143962369
144063350
144107471
144108498
144125221
144178949
144216603
144254570
144385525
144405525 177782370 177782370
144433448
144495613 137973230 212711102 221404771 137973230 212711102 221404771
144699110
144804744
144848934
145076475
145102125
145240697
145252459 264221676 264221676
148186378 134741998 134741998
148261072
148265889 225226475 225226475
148301123
148335784
148377249 77588681 77588681
149037906
149046189
149074456 24376460 51109929 51109929
149083137
149102808
149198481
149300421
149483395
149548635
149693726
149712993
150194168
150288990
150296336 87235620 188116299 87235620 188116299
150316363
150326325
150340382
150346687 151297950 10937576 154742033 151297950 154742033
150401525
150458139
150462556 164428049 164428049
150571993
150603421
150683703 165368313 165368313
150688509 68243960 68243960
150707626
150735750
150737290
150742810
150779092
150787948
150839989
150893296
150895313
150920487
150925426
150950856
151046066
151057580
151087872
151099709
151176457 153979532 153979532
151192307
151203514
151297950 154742033 154742033
151305024
151308867
151413177 128901318 128901318
151431303
151443517 120843710 120843710
151501780
151561654
151569437
151583804 229596438 229596438
151779650
151787714 128629898 164444982 128629898 164444982
151789982
151817619
151839451
151848820
151887003
151947528
151960347 134549302 137378034 134549302 137378034
151962149
152041851
152116675 195279721 195279721
152210841
152218446
152275723
152313847
152374786
152420837
152447145 138688402 138688402
152448999
152476753
152477527
152539164
152568556
152584617
152586628 17224163 48235084 169971514 169971514
152602274 143738645 143738645
152622090
152663968
152728975
152767076
152785788 188116299 188116299
152798270
152806347
152828239
152833187
152844071
152855776
152886236
152892392
145294874
145324097 33746906 209993492 209993492
145338283
145357813
145372523
145400966 133550397 133550397
145624555
145688780
145763461 113872954 113872954
145850910
145864190 127974490 127974490
145901460 198318769 198318769
145948751
145971763
146099775
146300905
146467160
146483931
146617631
146681746
146699449 82318373 82318373
146742504
146889472
146893590
146902623
147023391
147073975
147222578
147342235
147355005
147429062
147452628
147522982 98638089 98638089
147551238
147584240
147588625
147696198
147719676
147758604 43047250
147802620
147816642
147840810 125676237 125676237
147884733
147895129 173364405 173364405
147990313
148012777 85442644 85442644
148079989
148160170
148162674
148170317
156395676
156465437
156490804 140243273 140243273
156547902
156595647 134113920 134113920
156634050
156661098
156673848
156678713
156708690
156747616
156747773 16420984
156795353
156799665
156806598
156812015
156887425 198857469 198857469
156915501
156921603
156932812
156946111 87115104 116723821 116723821 188489127 87115104 188489127
157023693
157050402
157071482
157125186
157193240
157239669
157268546 157421123 157421123
157302479
157421123 157268546 157268546
157503266
157638744
157734538
157819668
157824713
157906474
158189150
158215459
158241816
158262441
158350832 161107383 161107383
158380138
158394022
158455470
158490340
158536597
158564699
158572041
158607523
158623016 108415048 108415048
158759488
158777303
158820575 104121212 104121212
158858598
158948496 235497311 235497311
158965531
159023424
159061722
159135412
159147640 165759974 165759974
159211084
159243547
159246990
159275644
159346857 1466672
159360523
159450308 167614751 167614751
159451689
159511086
159532033 196885308 196885308
159537267
159538714 74875559 1466672 12885791 74875559
159571255
159573330 156063603 198857469 156063603 198857469
159583596
159689127
159743479
159834564
159848386
159885617 102927796 197359700 102927796 197359700
159934900
159968214
159987900
160140888 154469693 154469693
160223509
160325559
160403728
160412270
160460823
160469266
160505316
160517193
160538678
160583841
160606498
160688903
160714016
160873567
160913706
160951691
152926568
153004583
153007167
153015400
153054775
153176988 203035113 203035113
153216918 208140503 208140503
153223757
153318635
153340082
153358514
153361821
153376047
153421382 135048319 22267575 135048319
153438460
153466497
153471345
153518227
153567893
153619914 136874185 136874185
153652337
153684936
153686777 133278228 133278228
153695731 155964386 155964386
153712970
153762777
153912995
153923016
153950756
153979532 151176457 151176457
154018479
154023071
154160735 69802998 69802998
154386169
154423117 189114882 189114882
154437297 101289679 5827824 4239958 101289679
154469693 160140888 160140888
154474968
154520570
154530237
154543222 26175215
154657949
154668131
154742033 151297950 10937576 151297950
154766686 66513289 66513289 197561352 197561352
154859226
154900628 69566119 69566119
154948199 200160471 200160471
155075690
155086010 208514467 208514467
155149370 213586168 213586168
155201916
155224880
155228496 167292202 190467299 167292202 190467299
155295144 264221676 264221676
155342488
155385443
155405096
155410702 43823266 155703368 43823266 155703368
155411378
155458311
155467904
155528844
155529065
155547178 205335498 247213804 205335498 247213804
155612546
155633021 140243273 242665177 140116391 242665177 140243273 140116391
155687772 168349463 168349463
155696472
155703368 155410702 155410702
155769940
155832913
155859160
155917948
155939861
155964386 98244011 153695731 98244011 153695731
156033354
156045075
156063603 156106333 159573330 156106333 159573330
156080287
156106333 156063603 156063603
156113552
156122351 99961409 99961409
156150643
156155614
156161168
156168888 141376563 141376563
156175716
156189073
156190328
156221230
156230501
156231025
156251423
156301031
156315316
156350689
156361972
156375016
156388430 90033337 90033337 198490377 198490377
163245938
163305467
163355518
163383080
163438548
163496365
163529545
163579629
163594532
163653246 136322886 136322886
163655049
163670268
163707794
163740879
163772998
163785007
163802962
163819364
163857255
163874005 251567616 251567616
163913938
163946385
163948069 67863199 41152919 67863199
164015557
164110435
164178939
164180401
164184339
164219741
164295188
164307054
164319542
164320362
164428049 150462556 150462556
164444982 83233443 151787714 83233443 151787714
164445553
164638885
164651934
164693259 223266751 223266751
164796478
164804400 222557378 222557378
164835995
164854196
164961814
164986094
164997852
165032275
165040056 165495957 165495957
165060955
165288347 139131717 204790767 139131717 204790767
165298273
165307957
165345570
165356281
165359694
165368313 150683703 150683703
165408049 27749386
165495957 165040056 165040056
165593160
165639470
165757016
165759974 159147640 159147640
165808641
165817854
165847952 112836434 112836434
165970209 29486758 50695444
166075648 163195330 163195330
166116905
166187087
166206459
166240281
166316873
166362460
166403594
166475013
166510535 137863838 137863838
166552039 75777975 75777975
166565912 238967916 238967916
166570055
166677601
166767378
166768465 179962567 179962567
166793076
166820808
166851477
166855633
166900796
167049838
167050509
167117483
167222851 18778106 181077115 181077115
167239525
167255903
167292202 155228496 155228496
167323781
167357080
167366811
167373948
167431901
167465131
167504514
167520837 113839907 113839907
167541060
167559325
167562287
167562589
167614751 159450308 159450308
167633193
167642427
167724659
167811366 177782370 229254314 177782370 229254314
167850507 66964651 113590875 66964651 113590875
167925269
167988544
168083763
168266659
168349463 155687772 155687772
168370221
168425833
168684252
168812728
168970803
168984890 211031241 211031241
168988490 82322142 161173426 189114882 82322142 207535906 161173426 189114882 207535906
169074012
169119886
169135418
169139951
169145156
169147885
169261682
169269799
169315292
169400710
169468023
169472540
169504796 196845812 196845812
169689421
169737856
169789927
169916588
169925783
169971514 152586628 218314682 152586628 218314682
170008738 184430495 219266768 184430495 219266768
170061386
170113480
170145840
170159878
170171357
170194065
160955283
161042656
161044330
161046026 133257399 221146249 133257399 221146249
161075530
161106532
161107383 57834927 158350832 158350832 57834927
161150962 19449303
161173426 125622391 168988490 125622391 168988490
161198350
161238301
161259865
161262661
161265713
161412398 140015541 140015541
161460978
161469255
161615443
161723180
161727074 85355948 85355948 213586168 213586168
161778137
161800225
161894782
162045949
162081714
162125293
162178498
162215254
162229553
162247676
162371518
162415839
162480166 6373288 4563232
162561043
162630332 80714331 80714331
162654741
162663114
162691771 33719603
162796001
162886116 83863558 83863558
162967736
162987314
163041833
163043243 4583209
163088433
163099690
163144905
163195330 166075648 240039265 240039265 166075648
163200034
163214045
174947838
174960236
175003436
175022666
175026686
175095202
175115789
175128356 234300525 234300525
175194951
175389649
175437151
175853133
175874970
175895562
175918992
176268183
176341018
176528557
176626734
176681788
176719069
176749458
176846630
176929083 43136767 171148378 171148378
176932598
177066181
177116928
177148760
177184543
177222804
177295445
177361162
177402230
177477752
177499171
177529781
177623894
177636974
177680606
177751564
177782370 92222070 144405525 28166546 72870891 167811366 72870891 92222070 198110816 229254314 144405525 167811366 198110816 229254314
177895251 143159083 143159083
177921937
177925557
177936114 40293298 264221676 264221676
177960117
178093901 102862452 102862452
178163309
178166322
178197248
181647647
181861772
181864559
182084066
182160966
182237057 134239688 134239688
182255261 30551025
182392370
182410549 65032553 65032553
182455590
182484690
182576733
182627969
182653482
182730646
182856766
182945942
183016426
183073038
183079014
183096521 131529274 224572487 131529274 224572487
183158895
183371346
183483866 28000517
183496068
183555394
183627967
183648380
183654466
183750431 191153925 214127738 214127738 191153925
183789033 186086131 186086131
183804847
183836047
183908328
183971408
183980234
184080257 220860329 220860329
184212492
184213319
184331342
184347292
184371858
184404212
184404946
184430495 170008738 170008738
184463536
184490235
184632877 61306592 61306592
184752932 206178510 206178510
184878319
170362133
170408984
170420261
170550500
170601720
170710654
170902250
170950419
170954207
170981419
171148378 176929083 176929083
171269729
171302988 66513289 66513289
171326394
171354389
171589400
171635473
171817639
171828712
171981631 62533864 62533864
172015482
172336728
172412458
172482581
172498112
172570300
172679629
172722947
172841051
172966098
173061683
173213084 20644290
173364405 147895129 147895129
173485114
173605584
173677266
173677917
173696902 193101215 193101215
173763530 197465985 197465985
173822106
173831901
173952303
174104478
174300211 135349765 135349765
174600530
174613568 32434320 51900918 51900918
174649430
174672320
174678492
174795861
178223489 194687428 194687428
178269924
178322567
178470799
178478741
178609981
178657997
178671548 65892066 65892066
178682598 186513406 186513406
178734829
178829923 256653592 256653592
178921995
178985057
179027730
179109613
179124393
179185753
179206086
179274352 133316417 133316417
179441494
179463146
179572451
179627098
179730665 72586327 72586327
179755084
179784812
179953003
179962567 273841551 284689330 273841551 284689330 166768465 166768465
180062855
180076068
180082125
180092611 40731735
180195502
180313310
180409136
180418708
180573163
180641464
180643989
180652982
180736980
180811503
180840590
180932853 87235620 56910242 56910242 188116299 87235620 188116299
180980738
180982196
181077115 167222851 167222851
181088432
181364521
181373266
187978375
188049078
188116299 87235620 239594265 150296336 180932853 87235620 150296336 180932853 239594265
188138680
188252817
188299849
188356896
188378316
188386033
188415245
188486353
188488568
188489127 156946111 156946111
188543882
188545101
188590156
188594050
188764389
188898268 190467299 190467299
188901335 192503512 192503512
188951939
188974965
188997914
189024140
189100560
189108660
189114882 154423117 168988490 154423117 168988490
189207911
189273967 96834940 96834940
189301096
189342163
189386398
189436552
189457926
189485203
189487912
189495992
189585614
189625802
189634364
189635962
189656151
189656904 55311303 55311303
189661236
189731451 140784870 140784870
189734561
189788147
189799224
189977989
190031865
193135031
193210492
193250961
193353819
193365837
193368687 41152919
193458972 134211515 134211515
193484152
193495960
193612752
193614830
193665096
193766739
193779686
193909759
193937197
194029708
194053039
194053559
194388687
194503717
194539744
194687428 178223489 178223489
194816823
194895955
194897110
194901014
194933235
194987583
195137105
195149284
195184268 162371518 162371518
195205903
195212955
195229041
195279721 152116675 152116675
195312553
195328253
195427300
195536492
195613977
195743135 234746331 234746331 267666909 267666909
195803246
195822812
195959475
195963368
196043433
196130816
196148062
196270013
184939027
185014658
185162054
185217130
185224009 201146815 201146815
185264197
185335443
185384753
185420074
185472540 186561447 186561447
185557097
185574363
185630501
185692507
185778827
185904536
185916966
185975256
186086131 183789033 183789033
186157889
186213094
186329859 89585024 89585024
186477240
186513406 178682598 178682598
186561447 69936599 185472540 69936599 185472540
186618520
186670383
186671009
186686563
186729301
186939966
186985789
187037942
187145153
187174765
187176793
187184006
187199424
187329811
187382507 35181199
187393316
187439201
187619543
187666971
187753576
187770785
187778408
187792627
187817215
187857702
190039315
190201129
190419856
190444150
190444784
190462474 54440870 54440870
190467299 137901801 141982179 139752254 155228496 188898268 137901801 139752254 141982179 155228496 188898268
190533499
190571846 235616814 235616814
190630723
190666720
190790927
190848318 138688402 138688402
190897419
190970837
190979248
191153925 183750431 183750431
191297238
191382466
191410013
191565475
191566585 192894444 192894444
191587609
191594069 32274769
191608970
191611606
191839711
191854621
191876354
191969808
192028685
192169033
192315152
192322866
192362354
192401621
192421529
192503512 188901335 188901335
192593398
192613428
192643575
192651355
192665940
192705074
192822508 227528474 227528474
192850938
192859678
192894444 191566585 191566585
193101215 21286500 173696902 173696902
193123576
196357933
196395975
196448666
196453145 50940449 143159083 143159083
196525325
196561734
196634938
196658621
196768917
196813336 140712358 140712358
196845812 12624683 169504796 169504796
196885308 159532033 159532033
196947482
196980816
196993219
197000586 223661391 223661391
197123147
197266794
197325426
197359700 159885617 159885617
197401351
197446803 50712458 51180170 51180170
197465985 86920205 40151620 173763530 86920205 219266768 173763530 219266768
197489411
197533430
197561352 154766686 154766686
197595154
197628933
197717045
197796640
197798390
197815845
197889387
197943328
197950907
197953536
197987728 100648525 100648525
197990675
197991449
197993950
198008519
198091720
198110816 177782370 177782370
198133258
198144322
198231240
198318769 145901460 145901460
198349389
198454594
198464204
204268267
204306830
204408508
204440439
204492923
204528986
204569507
204716022
204790767 165288347 165288347
204811959
204831459
204871995
204887991 264221676 264221676
204894160
204940754
205122127
205135355
205152350 89946523 89946523
205213266
205250273
205313615
205335498 155547178 155547178
205353118
205440913
205586091
205593198 162480166 206468313 162480166 206468313
205607121
205645343
205674440
205707036
205721134
205726345
205808486 124316949 124316949
205839005
205879971
205991427
206027750
206051544
206100034
206130514 28529552
206178510 184752932 184752932
206209827
206282452
206290515
206374897
206455220
206468313
206504813 237578331 237578331
206586938
206735929
201239468
201261918
201326953
201434184
201489348 37107032
201623374
201649252
201819110
201860857
201935797
201955643
201964818
202014677
202197690
202264584
202298293
202355183
202419563
202448496
202564901
202628985
202639195
202642344 181373266 181373266
202775069
202803614
202873692
202894160
202919145 119636225 119636225 235578238 235578238
202948536
202961688
202969779
203035113 153176988 153176988
203044697
203083223
203099094
203207134
203268314
203308827
203359448
203379639
203426636
203472185
203530821
203580728
203613508 137266867 137266867
203686890
203696331
203743532
203744966
204188784
198483765
198490377 156388430 156388430
198532890
198562211
198583658
198769463
198796910
198857469 156887425 97765725 131664326 132374980 21274175 107090366 138261615 159573330 97765725 107090366 132374980 131664326 138261615 156887425 159573330
198878011
198918669
198971947
199055364
199111773
199151221
199199143 39749818
199206069
199230917
199233034
199290490 203044697
199295922
199379874
199479045
199491661 102862452 102862452
199570798
199627849 217616895 217616895
199648954
199673680
199691719
199697822
199720156 94853457 94853457
199763724 102484972 102484972
199824576
199827739
200040655
200160471 154948199 154948199
200307456 213406366 213406366
200696750
200726893
200757382 234520800 234520800
200792022
200820892
200896879 43790608 43790608
200934338
200982007
200993352
201027267
201146815 185224009 185224009
201224411
201224416
201234735 58088897 58088897
215039302
215041895
215084408
215140914
215148166
215301717 138408631 138408631
215340802
215410446
215613765
215796819
215817245 238379197 238379197
215929175
216079418
216228131
216295842
216446336
216564976
216655414
216731827 27931858 72706259 72706259
216802757
216867512 257317280 257317280
216910099
216955692 100875647 100875647
217024847
217038047
217103432
217296043
217495892
217507789 32683087
217552412 143096171 143096171
217611414
217616895 199627849 199627849
217819538
217913773
217951305 132396278 132396278
218010913
218034706
218132485
218220028
218314682 169971514 169971514
218374477
218509862
218598833
218627339
218643245 126702643 126702643
218666509
218824064
218837513 220820934 220820934
218989500 125555107 125555107
219175480
206789820
206846713
206914918
207000867
207155147
207164621
207171404
207271178
207368611 98234411 161469255 98234411 161469255
207432187
207446987
207535906 168988490 168988490
207714041
207748916
207778965
207812378
207908339
207957446
208030729
208140503 153216918 153216918
208200650
208225821
208322415 21025244
208344554
208514467 16692252 155086010 155086010
208580854
208990619 96768424 96768424
209238267
209400566 56539975 56539975
209425439
209487021
209499978
209543586
209565777
209580625
209693902
209697731 198857469 198857469
209792604
209993492 145324097 145324097
210006986
210043565
210046721 78191811 46725873 78191811
210080358 92507446 92507446
210140464
210308272
210565462
210566429 118466704 118466704
210630308
210701724
210725179
219266768 170008738 197465985 170008738 197465985
219336950
219385554
219395287 134122092 164444982 134122092 164444982
219551998
219606533
219650779
219772440 134786444 134786444
219833924 138891360 32684015 82061068 143225304 82061068 138891360 143225304
220089997
220146161
220215499
220348678 167050509 167050509
220375218
220444709
220461286
220494790
220753155
220763207 19363021
220775734
220814028
220820934 218837513 218837513
220860329 184080257 184080257
220881175
221012384
221087058
221128276
221144477
221146249 161046026 161046026
221325379
221404771 137973230 144495613 137973230 144495613
221610712
221689290
221715559
221865165
221890853
222011871
222083194
222190375
222244508
222313729
222515364
222557378 164804400 164804400
222795980
222798617
222876040
222951421
222957292
223031408
223145510 142660703 142660703
210852102
210878880
210911055
211031241 168984890 168984890
211070877
211190970
211211851
211213534 188488568 188488568
211236258
211429012
211452874
211540415
211712417
212018359
212083901
212208657
212223220
212256216 159246990 159246990
212318320
212418618
212469024 107090366 107090366
212479550 223960946 223960946
212591531
212646405
212711102 137973230 144495613 137973230 144495613
212737882 270038378 270038378
212773583
212955732
212984053
212999566 23590143
213000114
213147409
213181162 260040314 260040314
213334684
213406366
213434261
213446725
213586168 28000517 37132729 155149370 161727074 155149370 161727074
213591830
213787035
213855584
214117607
214127738 183750431 183750431
214515182
214516106
214560283
214661798
214830565
214861435
214884155
238967916 166565912 166565912
239324741
239356666
239501519
239541120
239594265 188116299 188116299
239841809
239896067
239999679
240039265 71665303 163195330 71665303 163195330
240196189
240222948
240242739
240319722 107369868 22376717 107369868
240338089
240554093
240579715 23472168
240657761
240882085
240921130
241237328
241425468 17340477
241434029 249749614 249749614
241593363
241817159
242113957
242163079
242225939
242226046
242298982
242458034
242665177 155633021 155633021
242788245 30643933
243054466
243338961
243497050
243541140
243631443
243639786
243723963 85704790 85704790
243783241
244004985
244088193
244101712
244137286
244151261
244617009
244697387
244702120
244907686
223266751 164693259 164693259
223270018
223449847
223466903
223599837
223661391 197000586 197000586
223664372
223859002
223940520
223960946 212479550 4563232 212479550
223964594
224090089
224126684
224139181
224399544
224459206
224506759 74903074 74903074
224510929
224525874
224572487 143277603 183096521 143277603 183096521
224596897 264469818 264469818
224624978
224647920 123223491 123223491
224861085
224934673
224935459 23245841
225003197 126324562 126324562
225103939 137674090 137674090
225178143
225226475 148265889 148265889
225242368
225562182
225565346
225639593
225973300
225975126
226009676
226057449
226553631
226885770
226961053
227047122 38759895
227113580
227184678
227434302
227528474 192822508 192822508
227636465
227655074
227763695
227769106
227773632
227815836
227933310
228331133
228516851
228519202
228545993
228590293
228709445
228812084
228856495
228857645 50297135
229057944
229124677 141281558 141281558
229145762
229254314 92222070 72870891 167811366 177782370 72870891 92222070 167811366 177782370
229330995
229349555
229369623 31772572
229370060
229394049
229596438 151583804 151583804
229635198
229825360
230045165
230146876
230269038 256177658 256177658
230427232 72689425 72689425
230460107
230550782
230604552
230757014
230882528
231096244
231104253
231227233
231341085
231391291
231438305 98234411 98234411
231457291
231509154
231832216 235918582 235918582
231864513
232108601
232328996
232453666
232537214
232557166
232591557
232608661
232622175
232840874
233064625
233165138
233389775
233393935
233418532
233576973
233589067
233619048
233714980
233732574 102862452 102862452
233914514
234033794
234038956
234300525 175128356 175128356
234493570
234520800 200757382 200757382
234533166
234745816
234746331 195743135 267666909 195743135 267666909
234813484
235474568
235497311 158948496 158948496
235578238 119636225 119636225 202919145 202919145
235616814 190571846 190571846
235697923
235724207
235732160
235918582 231832216 231832216
235963820
236004960
236130463
236338227
236468611
236521646
236589629
236713909
236801523
237027954
237100197
237204294
237476087
237503946
237578331 133518163 206504813 133518163 206504813
237935052
238172534
238379197 215817245 215817245
238407160
238910879 79254760 79254760
275488564
276857614
277381015
277531263
278142769
278657899
278730802
278812214
278816616
279075963
279083698
279197771
280018922 56029352 56029352
281063596 27076335 254767298 254767298
281192172
281628453
281922323
281937472
282813631
282852108
282897133
283392927
283588583
283659012
283755168
284260933
284334366
284483529
284689330 179962567 179962567
285834729
286330579
286810211
287500048
288921835
264469818
264482582
264570752
264796504
265301885
265345833
265350091
265660606
265948612
266018796
266425688
266464165
266739186
266814915
266903623
266931017
267294125
267467500
267666909 234746331 195743135 234746331 195743135
267965556
268520309
268593610
268956479
268964876
269122295
269125454
269195371
269249123
269483445
269921843
270038378 212737882 212737882
270042772
270098637
270193371
270310260
270400873 253549375 47025040 253549375
270544593
271279701
272654742
272692353
272697968
273497354
273542060
273559700
273643919
273841551 179962567 179962567
274018463
274242781
274271161
274812449
245149104
245244050
245266950
245315775
245472036
246010776
246152163
246187314 66964651 66964651
246518773
246571987
246905238
246926197 19215994
247213804 155547178 155547178
247276582
247588875
247739561
247823436
248079717
248843494
248943576
249341903
249354057
249560794
249611232
249749614 241434029 241434029
249837977
250277486
250505312
250538712
250870580
250902302
251223045
251286451
251411122 135071536 135071536
251561747 133456216 133456216
251567616 163874005 163874005
251629680
251801527
251936911
251996637 102927796 102927796
252796587
252810022
253097168
253158381
253499997
253549375 270400873 47025040 270400873
253626992
253854562
253856047
253962925
253997056
254112112
254316606
254472053
254729861
254767298 281063596 281063596
254795163
254825351
254903590 107369868 107369868
255157072 62056331 62056331
255264282
255408650 160140888 160140888
255490843
255572072
256177658 230269038 230269038
256216157
256259525
256263602
256367878
256582743
256653592 134565012 178829923 134565012 178829923
257317280 216867512 258393799 216867512 258393799
258211493
258345486
258393799 257317280 257317280
258511302 30910871
258598959
258880133
259037601
259413905
259749784
259982863 95953268 95953268
260040314 213181162 213181162
260091337
260239532
260269835
260896690
260916651 132170051 132170051
260927375
261025668
261241801
261508903
262864816
263023343 102484972 102484972
263036273 136947620 136947620
263061542
263717818
263823684
264195654
264221676 145252459 155295144 177936114 204887991 145252459 155295144 177936114 204887991
