3411477 168670022
3488552
3616686
3618149
3654653
3721760
3755022
3776602 6191387
3868405
3984979 1075594 781846 1468216
4044660
4071881
4345209
4403089
4406877
4422168
4472349 168058639
4516273
4525038
4637475
4764511
4773789 234123 477539 24928296 124508755
4799776
4935796
5227379 18836289
5416943 368107
5421345
5650124
5669179
5899062
6037860
6078019
6095433 40660843
6148628
6162619
6191387 3776602
6455606
6563759
6807197
6858371
6878487
7314919
7342581
7490364
7579012
7582150
7601028
7741656
7963442
7998196
2086
9249
22120
42782
74392
129542 134040009
167925 1075594 1000262 1008450 986772 986986 169552 1575733 1407911
169552 1075594 1000262 1008450 167925 1407911
170972 1008450 167925
186421 10607390
202011
210115
229990
234123 4773789
253971
346426
359998
368107 1075594 640155 2397858 5416943
375331
441753
463554 781846
477467 535889 477539 2681080
477539 477467 2681080 4773789
535889 477467 2681080
543867
640155 1075594 986772 986986 368107 1959640
687159
695413
708224 11068310
738952 159051484
757005
781846 1075594 463554 3984979
824400
879923
893124
941117
986772 1075594 1000262 1008450 640155 986986 167925 1575733
986986 1075594 1000262 1008450 986772 640155 167925 1407911
1000262 1075594 1008450 986772 986986 169552 167925 1575733 1407911
1001863
1008450 1075594 1000262 986772 986986 169552 167925 1575733 1407911 2718667
1009820
1075594 1000262 781846 1008450 986772 640155 986986 169552 167925 368107 1468216 1575733 1407911 3984979 14614852 36142660
1125401
1142365
1209137
1217226
1260981
1381079 1407911
1394088
1407911 1075594 1000262 1381079 1008450 986986 169552 167925 1575733
1414842 134040009
1424050
1440101
1468216 1075594 3984979
1471058
1483921
1488549
1493214
1572602
1575733 1075594 1000262 1008450 986772 167925 1407911
1636407 88815952 174120686
1676953
1701744
1767154
1959640 640155
1981022
2021240
2033193 1075594 1000262 986772 986986 169552 167925 1407911
2129767
2144782
2164494
2180637
2184879
2227461
2319193
2338360 20039657 13414619 201835305
2341804
2347252
2382979
2397858 368107
2460300
2525315
2561549
2589222
2681080 535889 477467 477539
2718667 1008450
2727031
2757868 211014247
2761817
2820925
2837668
2866475
2891097
3041212
3048235
3109719
3243140
3340793
3399615
8072912 32300330
8167172
8469025 57686636
8942375
9249868
9812607
9869128
10168367
10204750
10555518
10607390 186421
10679122
10737484
10941012
11014717
11068310
11475590
11508141
11540680
11815055
12037408
12249216
12411938
12546650
12627820
12703923
12769123
13091657
13287001
13414619 2338360 20039657 201835305
13485967
13781492
13851994
14614852 1075594
14900863
15027349
15652137
15675227
15907641
16080599
16083619
16491436
16514621
16516355
16521201
16568225
17048139
17151029
17188328
17527878
17821991
17927035
17958544
18461324
18591950
18836220
18836289 5227379
18905427 23365479
19601958
20039657 2338360 13414619 129016713 162345034 201835305
20284356
20586090
20827746
21136600
21154007
21160425
21264935
21531556
21541240
21739615
21892401
21893284
22369988
22394106
22443217
22539092
22724973
22759566
22812544
23365479 18905427
23590705
23715192
24072234
24283329
24404602
24928296 4773789
25493492
26015144
26518205
26861567
26909314
27289025
29027706
29219681
29853726
30028613
30269299 36358154
30692036
32300330 8072912
32748525
55437120
55569286
55720408
55911933 121304762
55935570
56328982
56772628
56829668
57686636 8469025
57737713
58718472
59726885
60167860 172964343
60390749
60701900
61958132
62006710
62042442
63976600
64251501
65893378
66105801
68866467
69094443
69669891
70002455
70315060
70478483
72850536 93091971
73902044
74533241
74922060
75133212
75336815
75658227
76598294
76612791
77331126
78635335
78687743
78853838
79038381
79499515
79795389
80265512
80833627
81152027
81361431
82347402
83823629
33351531
33456494
33530827
34819239
35636383
36142660 1075594
36150591
36264392 49045546 39105627 153805806
36268091
36286240
36358154 30269299
36467322
37037142
37204983
37345826
38447854 40648597
38875222
39105627 49045546 36264392 153805806
39620030
40018913
40108764
40648597 38447854
40660843 6095433
40681849
41280574
41393747
41556647
42208300
42725807
44911708
45138444
45226301
47026933
47910038
48721704
49045546 39105627 36264392 153805806
49340898
49783206
49907564
50065259
50579893
51621067
51826477
52424210
52517605
52548586
52766963
53130111
53520584
55065928
85462334
86629862 102266746 121304762
87408676
88491253
88815952 1636407
89199571
90705750
90842095 124508755
90872313
91075130
91739792
92464902
93091971 72850536
93220293
93262599
93398884
94300169
95527435
96170820
96452425
96872908
97035214
98276112
99134432
99823696
99877401
101895258
101912433
102266746 86629862 121304762
102842429
103329557
103957978
104307599
105064122
105404529
106281865
107359681
107496685
107653968
107924635
108220338
110748438
111365705
112429778 195339252
112490338
112517072
112976883
113475494
113519638
116287738
244565766
244759438
247436234
254092584
254404273
254876266
258393563
259520849
261639312
263289606
265665713
267414414
267827527
268052046
268452819
271106723
274055519
277751291
279890576
285761943
118003686
120554182
120686383
121271864 134040009 166236169
121304762 86629862 55911933 102266746
121782039
121890126
121890258
122329631
124192231
124395957
124508755 4773789 90842095
126428134
128224671
129016713 20039657
131761706
132450447
132683349
133170041
133915292
134040009 129542 1414842 121271864
134649984
135972812
136832028
137787652
137799842
138331310
138546255
138785280
139447422
139480361
139864285
140204586
140331834
141920560
144268877
144604029
145044678
145287202
145306462
145674598
145973430
146822584
148320099
150702531
150816445
150976679
151158330
152463330
152622477
153537215
153805806 49045546 39105627 36264392
154240696
154306153
154634252
155777476
155919273 166236169
156506649
156656402
157274170
157865470
158428222
159041212
159051484 738952
159447901
159863323
161096246
161278295
161361368
161927229
162208909
162345034 20039657
162573663
164511652
164676608
165316662
165950115
166236169 121271864 155919273
166943394
168058639 4472349
168670022 3411477
168842140
168928451
168932660
169153703
169743637
171165417
171834439
172964343 60167860
174120686 1636407
174577887
174875365
177117923
177699716
177956359
178454771
179673473
180728527
181011768
181036221
181223447
181446764
181543961
182233589
182937097
183688994
184846099
184863580
188934689
191233207
192146411
193705954
194081541
195339252 112429778
196925451
197449987
199358052
200214158
201835305 2338360 20039657 13414619
203898887
204890866
205812137
207048444
207091266
207277522
207458550
209319310
209369748
209480001
211014247 2757868
211639884
212778382
213200195
216291644
216349264 120554182
217042032
218879112
218892956
219812613
223767095
224962045
228404990
229064334
231240928
231366587
236539269
239385934
239831888
240348484
242555460
