32643177 4765761 10167736 20833640 7127999 10135174
13993570 23246632 10778316 9570637 8860329 10135174
19343135 59787583 20139657 151538740 19685497 101419621 18525118 16866231 18648228 6934565 21839975 17041996 9284662 57372393 16574432 22190576 22167202 182313134 57345517 50773026 150687644 18877998
19582789 54156772 71352208 8371216 86751054 19489934 8002382 11159076 7667668 162517402 10135174 18942475
19685497 3166747 151538740 19343135 91893014 18525118 16866231 6934565 21839975 57372393 16574432 11231658 22167202 182313134 50773026 10135174 18877998
19771937 77809072 133150173 63709012 163790932
133150173 77809072 62548794 51408116 57155858 86123414 176680349 150434563 20474086 94068901 63709012 22435290 89661393 16537073 56083871 139312178 19771937 163790932
135624038 62548794 131941285 71352208 20032672 25612287 50740293 23253209 9919328 127833723 99250531 56607262 11231658 17409108 61409832 82459969 86646790 10135174 18942475
139312178 77809072 57155858 133150173 86123414 154243484 176680349 150434563 94068901 63709012 22435290 22565017 89661393 56083871 163790932 27550949
145192054 71352208 51408116 110091507 106072881 93184354 23112560 26344228 23271223 17883391 138969512 10135174 21083918
150434563 77809072 57155858 133150173 86123414 154243484 176680349 20474086 94068901 63709012 22435290 22565017 89661393 56083871 139312178 163790932 18942475
150687644 20139657 151538740 101419621 10778316 19343135 21302395 18525118 16866231 18648228 23271223 6934565 21839975 17041996 9284662 11231658 22190576 57345517 12093835 10135174
151538740 71352208 20139657 19685497 101419621 11343181 21702884 19343135 91893014 18525118 16866231 6934565 21839975 9284662 57372393 16574432 182313134 57345517 50773026 150687644 10135174 18877998 18942475
154243484 77809072 57155858 176680349 150434563 94068901 63709012 89661393 139312178 18942475
161599060 10135174
163790932 77809072 57155858 133150173 86123414 176680349 150434563 20474086 94068901 63709012 22565017 89661393 56083871 139312178 19771937 18942475
173632421 71352208 20032672 12247974 10778316 7182814 25628459 17666167 16537073 19675996 11231658 10230534 10135174 12267815
267952962 57155858 86123414 154243484 176680349 150434563 63709012 22435290 22565017 89661393 139312178
50740293 131941285 71352208 20032672 25612287 135624038 23253209 99250531 56607262 17409108 10135174 18942475
50773026 71352208 151538740 19685497 11343181 19343135 18525118 16866231 6934565 57372393 16574432 22904699 10135174 18942475
51408116 77809072 62548794 71352208 133150173 110091507 106072881 93184354 99250531 23112560 94068901 7055611 26344228 21702884 23271223 17883391 17409108 105018497 138969512 172950582 145192054 21083918 18942475
53369972 92169389 17009354 22781525 17103474 127833723 21702884 17321415 105018497 8372947
53661078 77809072 3166747 92169389 17009354 12133780 86751054 22781525 8963702 21702884 91893014 17321415 17666167 24530372 11057232 11231658 8372947 22904699 12093835 10135174 21083918 18942475
54156772 71352208 4765761 8371216 10906539 19582789 8002382 11159076 10135174 12267815
54924974 71352208 10778316 7055611 16537073 97802369 10135174 12267815
56083871 77809072 57155858 3166747 133150173 92580714 86123414 176680349 150434563 20474086 94068901 63709012 22435290 22565017 89661393 139312178 163790932 18942475
56607262 62548794 131941285 20032672 25612287 135624038 50740293 23253209 99250531 18511760 10435710 21775977 11231658 17409108 60028379 82459969 90675890 86646790 18942475
56620664 7182814 4387449 8153886
57155858 77809072 133150173 86123414 154243484 176680349 150434563 20474086 94068901 63709012 22435290 22565017 89661393 56083871 139312178 163790932
57345517 59787583 151538740 9919328 10778316 19343135 21302395 18525118 16866231 18648228 9284662 57372393 16574432 22190576 12093835 150687644 10135174 18877998 18942475
57372393 59787583 20139657 151538740 19685497 101419621 19343135 18525118 16866231 18648228 6934565 21839975 17041996 9284662 16574432 22190576 22167202 182313134 57345517 50773026 10135174 18877998
59787583 20139657 23246632 19343135 18525118 16866231 18648228 21839975 57372393 16574432 22190576 22167202 182313134 57345517 10135174 18877998 18942475
60028379 62548794 20032672 23253209 9919328 56607262 17409108 90675890 10135174 18942475
61409832 62548794 131941285 71352208 20032672 22781525 135624038 17103474 99250531 11231658 17409108 8372947 10135174 18942475
62548794 131941285 71352208 51408116 133150173 92169389 20032672 25612287 135624038 23253209 99250531 18511760 10435710 56607262 24530372 21775977 17409108 61409832 60028379 82459969 90675890 86646790 10135174
63709012 77809072 57155858 3166747 133150173 86123414 154243484 176680349 150434563 20474086 94068901 22435290 22565017 89661393 56083871 139312178 19771937 163790932 27550949 18942475
67465327 18942475
67777737 71352208 166587703 10906539 8693204 2836415 11159076 12200486 7667668 8860329 8389403
71352208 67777737 62548794 54156772 131941285 51408116 3166747 92169389 208826119 92580714 54924974 151538740 94337025 20032672 12133780 8371216 86751054 10906539 8693204 93184354 135624038 165162054 50740293 9919328 99250531 9570637 94068901 11343181 19489934 115154147 25628459 17666167 2836415 19582789 8002382 23271223 11159076 97802369 124345597 6934565 1531819 21839975 12200486 7667668 16574432 8860329 173632421 11231658 17409108 105018497 61409832 10230534 182313134 8372947 12093835 90675890 18621187 8389403 50773026 133010374 10135174 145192054 12267815 27550949 18942475 8153886
77809072 51408116 57155858 133150173 86123414 20032672 154243484 176680349 150434563 53661078 20474086 94068901 21702884 63709012 22435290 22565017 89661393 16537073 23271223 56083871 17409108 139312178 19771937 163790932 10135174 18942475
82459969 62548794 131941285 3166747 92169389 20032672 25612287 22781525 135624038 23253209 99250531 10435710 56607262 21775977 17409108 90675890 86646790 10135174 18942475
86123414 77809072 57155858 133150173 176680349 150434563 20474086 94068901 63709012 22435290 22565017 89661393 56083871 139312178 163790932 10135174
86646790 62548794 138251067 131941285 17009354 20032672 25612287 135624038 23253209 99250531 56607262 21775977 17409108 82459969 90675890 10135174
86751054 71352208 3166747 92169389 17009354 12133780 22781525 8963702 17103474 53661078 21702884 91893014 17321415 17666167 19582789 24530372 7667668 11231658 105018497 25217920 8372947 22904699 12093835 18942475
87875878 89123004 18942475
89123004 87875878 18942475
89295518 182396509 11231658
89661393 77809072 57155858 133150173 86123414 154243484 176680349 150434563 20474086 94068901 63709012 22435290 22565017 56083871 139312178 163790932
90675890 62548794 131941285 71352208 20032672 25612287 22781525 23253209 127833723 99250531 18511760 10435710 56607262 16537073 21775977 11231658 17409108 60028379 82459969 86646790 10135174 18942475
91893014 3166747 92169389 17009354 151538740 86751054 19685497 22781525 17103474 53661078 21702884 17321415 24530372 17041996 11057232 11231658 17409108 105018497 10230534 8372947 22904699 12093835 21083918 18942475
92169389 62548794 71352208 17009354 12133780 86751054 22781525 8963702 17103474 53661078 21702884 91893014 17321415 17666167 24530372 21775977 11057232 11231658 53369972 105018497 8372947 22904699 12093835 82459969 10135174 18942475
92580714 71352208 20032672 137705456 94068901 115154147 25628459 124345597 56083871 17409108 133010374 10135174 27550949 18942475
93184354 71352208 51408116 110091507 106072881 20032672 22781525 99250531 23112560 26344228 23271223 18621187 138969512 172950582 145192054 21083918 18942475
94068901 77809072 71352208 51408116 57155858 133150173 92580714 86123414 20032672 154243484 176680349 22781525 150434563 20474086 63709012 22435290 22565017 89661393 23271223 17883391 56083871 11231658 139312178 163790932 10135174
94337025 71352208 92580714 137705456 101593507 165162054 115154147 25628459 124345597 12093835 133010374 10135174 27550949 18942475
97802369 71352208 54924974 8371216 22781525 10778316 9936670 16537073 10135174
99250531 62548794 71352208 51408116 20032672 25612287 93184354 135624038 50740293 23253209 18511760 10435710 25628459 56607262 23271223 21775977 17409108 61409832 12093835 82459969 90675890 86646790 10135174 18942475 8153886
101419621 151538740 10778316 19343135 18525118 16866231 18648228 6934565 9284662 57372393 16574432 22190576 22167202 182313134 150687644 10135174 18877998
101593507 94337025 137705456 165162054 115154147 25628459 133010374 27550949
101708102 8002382 11159076 10135174
105018497 71352208 51408116 3166747 92169389 17009354 12133780 86751054 22781525 11343181 91893014 17321415 11057232 11231658 53369972 25217920 8372947 12093835
106072881 51408116 93184354 23112560 26344228 23271223 17883391 138969512 145192054
110091507 51408116 93184354 23112560 26344228 17883391 18621187 138969512 145192054
115154147 71352208 92580714 94337025 137705456 101593507 25628459 124345597 133010374 10135174 27550949
124345597 71352208 92580714 94337025 137705456 165162054 115154147 25628459 133010374 10135174 27550949 18942475
125771261
127833723 135624038 9570637 16574432 22167202 53369972 90675890 18877998
131941285 62548794 71352208 169471297 20032672 25612287 22781525 135624038 50740293 23253209 9570637 21702884 56607262 21775977 17409108 61409832 82459969 90675890 86646790 10135174
1531819 71352208 166587703 10906539 8693204 2836415 12200486 182396509 7667668 8860329 8389403 10135174
2109978 5257313 8860329
2218900 8153454
2836415 67777737 71352208 169471297 166587703 10167736 7116602 20833640 8693204 8002382 7389914 11159076 1531819 12200486 7667668 7127999 8389403 10135174
3166747 71352208 17009354 169471297 12133780 86751054 19685497 22781525 8963702 17103474 53661078 21702884 63709012 91893014 17321415 24530372 56083871 11057232 11231658 17409108 105018497 8372947 22904699 82459969 18942475
4387449 12247974 56620664 9936670 19675996 10135174 12267815 8153886
4765761 54156772 7127999 8860329 10135174 18942475
5257313 2109978
5449363 8153454
5731841 169471297 8356717 7116602 7127999 8860329
6934565 71352208 20139657 151538740 20032672 19685497 101419621 21702884 19343135 18525118 16866231 18648228 21839975 9284662 57372393 16574432 11231658 17409108 22190576 22167202 182313134 8389403 50773026 150687644 10135174 18877998 18942475
7055611 51408116 208826119 54924974 10778316 9570637 22565017 10230534 10135174
7116602 10167736 2836415 5731841 17480353 7127999 10135174
7127999 4765761 8356717 7116602 2836415 5731841 17480353 8860329 10135174
7182814 208826119 12247974 56620664 19675996 9954498 173632421 4387449 12267815 18942475
7389914 2836415 10135174
7391763 8356717 9277330 10135174
7667668 67777737 71352208 166587703 10167736 8371216 86751054 8693204 2836415 19582789 11159076 1531819 12200486 9954498 8860329 8389403 10135174
8002382 54156772 71352208 8371216 12247974 2836415 19582789 11159076 101708102 9284662 8860329 10135174
8153454 9919328 5449363 2218900
8153886 71352208 12247974 99250531 56620664 9936670 16537073 19675996 17409108 12093835 4387449 10135174 12267815
8356717 191617448 7391763 9277330 5731841 7127999 10135174
8371216 54156772 71352208 10167736 19582789 8002382 11159076 97802369 7667668 8860329 10230534 8389403
8372947 71352208 3166747 92169389 17009354 12133780 86751054 22781525 8963702 17103474 53661078 91893014 17321415 17666167 24530372 11057232 11231658 17409108 53369972 105018497 61409832 22904699 12093835 10135174 18942475
8389403 67777737 71352208 166587703 10167736 8371216 8693204 11343181 2836415 11159076 6934565 1531819 12200486 7667668 9954498 8860329 10230534 10135174
8693204 67777737 71352208 2836415 1531819 12200486 7667668 8860329 8389403
8860329 67777737 71352208 4765761 166587703 23246632 8371216 10906539 8693204 10778316 19489934 8002382 5731841 16537073 11159076 1531819 2109978 12200486 7667668 7127999 8389403 10135174
8963702 3166747 92169389 17009354 12133780 86751054 22781525 17103474 53661078 21702884 17321415 11231658 182313134 8372947 10135174
9277330 191617448 8356717 7391763 10135174
9284662 151538740 101419621 19343135 18525118 16866231 8002382 6934565 57372393 22167202 57345517 150687644 18877998
9570637 131941285 71352208 208826119 23246632 10906539 127833723 10778316 7055611 9954498 10230534 10135174 18942475
9640110 11343181
9919328 71352208 20032672 135624038 11343181 16537073 11231658 17409108 22190576 10230534 57345517 8153454 60028379 10135174 12267815 18942475
9936670 208826119 12247974 7182814 97802369 19675996 4387449 10135174 12267815 8153886
9954498 166587703 9570637 7182814 7667668 10230534 8389403 10135174
10135174 191617448 77809072 62548794 54156772 138251067 131941285 71352208 4765761 59787583 92169389 17009354 20139657 208826119 92580714 169471297 54924974 151538740 8356717 86123414 94337025 20032672 10167736 7116602 19685497 101419621 176680349 22781525 135624038 50740293 8963702 17103474 23253209 7391763 9919328 10778316 99250531 9277330 53661078 20474086 18511760 9570637 94068901 7055611 21302395 115154147 25628459 18525118 2836415 16866231 19582789 8002382 18648228 7389914 9936670 11159076 101708102 97802369 124345597 6934565 1531819 21839975 17480353 12200486 182396509 57372393 7667668 9954498 7127999 16574432 161599060 8860329 11057232 173632421 11231658 17409108 22190576 61409832 10230534 182313134 57345517 8372947 22904699 12093835 60028379 82459969 90675890 18621187 138969512 8389403 50773026 133010374 86646790 4387449 150687644 145192054 12267815 27550949 18942475 8153886
10167736 8371216 7116602 20833640 2836415 7667668 8389403 10135174
10230534 71352208 20139657 208826119 166587703 8371216 9919328 10778316 9570637 91893014 11159076 9954498 173632421 22190576 8389403 10135174 12267815
10435710 62548794 20032672 23253209 99250531 18511760 56607262 21775977 17409108 82459969 90675890
10778316 208826119 54924974 20032672 101419621 12247974 9570637 7055611 16537073 97802369 8860329 173632421 10230534 57345517 150687644 10135174
10906539 67777737 54156772 71352208 9570637 19489934 1531819 8860329
11057232 3166747 92169389 17009354 12133780 22781525 53661078 21702884 91893014 17321415 24530372 11231658 105018497 8372947 10135174 18942475
11159076 67777737 54156772 71352208 169471297 8371216 2836415 16866231 19582789 8002382 101708102 7667668 8860329 22190576 22167202 10230534 8389403 10135174
11231658 71352208 3166747 92169389 89295518 17009354 20032672 12133780 86751054 19685497 22781525 135624038 8963702 17103474 9919328 53661078 94068901 21702884 91893014 17321415 17666167 56607262 6934565 24530372 17883391 19675996 11057232 173632421 17409108 105018497 61409832 8372947 22904699 90675890 150687644 10135174 27550949 18942475
11343181 71352208 17009354 151538740 9919328 16866231 9640110 21839975 16574432 17409108 105018497 182313134 8389403 50773026 18942475
12093835 71352208 92169389 17009354 94337025 86751054 22781525 17103474 99250531 53661078 21702884 91893014 18525118 16866231 18648228 17041996 22190576 105018497 57345517 8372947 150687644 10135174 18877998 18942475 8153886
12133780 71352208 3166747 92169389 17009354 86751054 22781525 8963702 17103474 53661078 21702884 17321415 17666167 18648228 11057232 11231658 105018497 8372947 18942475
12200486 67777737 71352208 166587703 8693204 2836415 1531819 7667668 8860329 8389403 10135174
12247974 208826119 169471297 10778316 7182814 8002382 9936670 17041996 19675996 173632421 4387449 21083918 12267815 8153886
12267815 54156772 71352208 208826119 54924974 12247974 9919328 7182814 9936670 19675996 173632421 10230534 4387449 10135174 8153886
20474086 77809072 57155858 133150173 86123414 176680349 150434563 94068901 63709012 22565017 89661393 56083871 163790932 10135174 18942475
20784792 17009354 23112560
20833640 10167736 2836415
21083918 51408116 17009354 93184354 12247974 53661078 23112560 21702884 91893014 17321415 23271223 17883391 17041996 16574432 22904699 18621187 138969512 145192054
21302395 18648228 22190576 57345517 150687644 10135174 18942475
21513726 101419621 19343135 16574432 22167202 150687644 10135174
21702884 77809072 131941285 51408116 3166747 92169389 17009354 208826119 151538740 12133780 86751054 22781525 8963702 53661078 91893014 17321415 6934565 24530372 11057232 11231658 53369972 8372947 22904699 12093835 21083918 18942475
21775977 62548794 131941285 92169389 20032672 99250531 10435710 56607262 17409108 22904699 82459969 90675890 86646790 18942475
21839975 71352208 59787583 151538740 19685497 11343181 19343135 18525118 16866231 6934565 57372393 16574432 182313134 150687644 10135174 18877998
22167202 59787583 20139657 19685497 101419621 127833723 19343135 18525118 16866231 18648228 11159076 6934565 9284662 57372393 16574432 22190576 18877998
22190576 59787583 101419621 9919328 19343135 21302395 18525118 16866231 18648228 11159076 6934565 17041996 57372393 16574432 22167202 10230534 57345517 12093835 150687644 10135174 18877998
22435290 77809072 57155858 133150173 86123414 176680349 150434563 94068901 63709012 22565017 89661393 56083871 139312178
22565017 77809072 57155858 86123414 176680349 150434563 20474086 94068901 7055611 63709012 22435290 89661393 56083871 139312178 163790932
22781525 131941285 3166747 92169389 17009354 20032672 12133780 86751054 25612287 93184354 8963702 17103474 53661078 94068901 21702884 91893014 17321415 17666167 97802369 24530372 11057232 11231658 17409108 53369972 105018497 61409832 8372947 22904699 12093835 82459969 90675890 10135174 18942475
22904699 3166747 92169389 17009354 86751054 22781525 53661078 21702884 91893014 17321415 24530372 21775977 11231658 8372947 50773026 10135174 21083918 18942475
23112560 51408116 110091507 106072881 93184354 26344228 20784792 23271223 17883391 17409108 18621187 138969512 145192054 21083918 18942475
23246632 59787583 9570637 16537073 8860329
23253209 62548794 131941285 20032672 25612287 135624038 50740293 99250531 18511760 10435710 56607262 17041996 17409108 60028379 82459969 90675890 86646790 10135174 18877998 18942475
23271223 77809072 71352208 51408116 106072881 20032672 93184354 99250531 23112560 94068901 26344228 17883391 17409108 18621187 138969512 150687644 145192054 21083918 18942475
24530372 62548794 3166747 92169389 17009354 86751054 22781525 17103474 53661078 21702884 91893014 17321415 11057232 11231658 8372947 22904699
25217920 71352208 20032672 86751054 22781525 94068901 21702884 17666167 11057232 11231658 105018497 182313134 18942475
25612287 62548794 131941285 92580714 20032672 22781525 135624038 50740293 23253209 99250531 56607262 17883391 17409108 60028379 82459969 90675890 86646790
25628459 71352208 92580714 94337025 137705456 101593507 99250531 115154147 124345597 173632421 133010374 10135174 27550949
26344228 51408116 110091507 106072881 93184354 23112560 23271223 17883391 18621187 138969512 145192054
27550949 71352208 92580714 94337025 137705456 176680349 101593507 165162054 63709012 115154147 25628459 124345597 11231658 139312178 133010374 10135174
28428478 71352208 3166747 92169389 17009354 12133780 86751054 22781525 8963702 17103474 53661078 21702884 91893014 17321415 17666167 19582789 24530372 11057232 11231658 105018497 8372947 22904699 10135174 21083918 18942475
28769351 77809072 71352208 3166747 92169389 17009354 12133780 86751054 22781525 8963702 17103474 94068901 21702884 91893014 17321415 17666167 19582789 16537073 24530372 19675996 11057232 11231658 17409108 105018497 61409832 8372947 22904699 12093835 10135174 21083918 18942475
29436998 138251067 131941285 71352208 3166747 92169389 17009354 208826119 20032672 12133780 86751054 25612287 22781525 8963702 9919328 99250531 21702884 91893014 17321415 17666167 9936670 23271223 24530372 19675996 11057232 11231658 17409108 61409832 8372947 12093835 10135174 12267815 18942475
30306787 3166747 92169389 17009354 12133780 22781525 17103474 21702884 91893014 17321415 11057232 11231658 105018497 25217920 8372947 12093835 90675890 10135174 21083918
30539006 71352208 208826119 10778316 7055611 7182814 19582789 97802369 10230534 10135174 12267815
31064945 77809072 71352208 92169389 92580714 94337025 137705456 101593507 99250531 94068901 115154147 25628459 124345597 11231658 133010374 10135174 27550949 18942475
31253178 77809072 71352208 92580714 94337025 137705456 101593507 115154147 25628459 124345597 133010374 10135174 27550949 18942475
31579665 77809072 57155858 3166747 133150173 86123414 154243484 176680349 150434563 127833723 20474086 94068901 63709012 22435290 22565017 89661393 56083871 17409108 139312178 163790932 10135174 27550949 18942475
31640340 10135174
31977219 23246632 10778316 9570637 19582789 16537073 7667668 8860329 10135174
32267815 208826119 12247974 7182814 56620664 4387449 12267815 8153886
33637931 62548794 71352208 92580714 20032672 50740293 23253209 9919328 99250531 18511760 10435710 56607262 17041996 21775977 17409108 105018497 82459969 90675890 86646790 10135174
35383733 67777737 71352208 166587703 10906539 8693204 2836415 1531819 12200486 7667668 8860329 8389403 2218900
38912692 62548794 20032672 135624038 23253209 99250531 18511760 17041996 21775977 17409108 61409832
41124227 71352208 3166747 92169389 17009354 22781525 53661078 94068901 21702884 17321415 11057232 11231658 105018497 8372947 10135174 18942475
42097610 169471297 10135174
42121125 92169389 17009354 53661078 17321415 17666167 11231658 10135174 18942475
43247694 7389914 10135174
44540517 77809072 57155858 133150173 86123414 176680349 150434563 20474086 94068901 22435290 89661393 124345597 21775977 17409108 139312178 163790932 22904699 18942475
45748695 62548794 131941285 71352208 51408116 110091507 135624038 50740293 10435710 56607262 21775977 11231658 17409108 61409832 10230534 82459969 86646790 10135174 18942475
46318037 59787583 101419621 7055611 11343181 21302395 18648228 17041996 57372393 22190576 57345517 150687644 10135174
48357587 67777737 54156772 71352208 59787583 20032672 10167736 8371216 10906539 8693204 135624038 50740293 9919328 99250531 9277330 11343181 21302395 2836415 19582789 8002382 18648228 5257313 101708102 1531819 17480353 182396509 8860329 11057232 17409108 22190576 10230534 57345517 25217920 82459969 90675890 8389403 162517402 4387449 10135174 12267815
49230381 62548794 131941285 20032672 25612287 135624038 50740293 17103474 23253209 99250531 10435710 56607262 17409108 61409832 8372947 60028379 82459969 90675890 145192054 18942475
49700830 62548794 131941285 71352208 208826119 20032672 25612287 135624038 50740293 23253209 99250531 18511760 17321415 10435710 56607262 17041996 21775977 17409108 61409832 82459969 90675890 86646790 10135174 18942475
12464208 20139657 23246632 9570637 16537073 9954498 8860329
12498655 67777737 71352208 166587703 10906539 8693204 2836415 7389914 1531819 12200486 7667668 9954498 8860329 8389403
12792224 23246632 10778316 9570637 7182814 19489934 19582789 16537073 9954498 8860329 10135174 12267815
12931763 151538740 23246632 23253209 16537073 9954498 8860329 10135174 18942475
13221689 71352208 59787583 20139657 151538740 19685497 101419621 19343135 18525118 16866231 18648228 6934565 21839975 17041996 9284662 57372393 16574432 22190576 22167202 182313134 57345517 12093835 50773026 150687644 18877998
13276671 10167736 20833640 2836415 5257313
13460091 71352208 151538740 12133780 18648228 9284662 22190576 10135174 18942475
13490461 71352208 51408116 110091507 106072881 86123414 20032672 150434563 93184354 23112560 26344228 23271223 17883391 17409108 18621187 138969512 10135174 145192054 21083918 18942475
13614674 10135174
13813133 4765761 7116602 7127999 10135174
14567960 9570637 9640110 7389914 17409108 10135174
14951972 71352208 59787583 151538740 19343135 21302395 18525118 16866231 18648228 11159076 6934565 17041996 57372393 7667668 16574432 22190576 22167202 10230534 57345517 12093835 8389403 10135174
15028317 92169389 17009354 20032672 86751054 22781525 8963702 53661078 21702884 91893014 17321415 17666167 11231658 8372947 12093835 21083918 18942475
15052302 67777737 71352208 166587703 2836415 1531819 12200486 7667668 8860329 8389403
15213188 62548794 131941285 17009354 20032672 135624038 50740293 23253209 18511760 56607262 21775977 17409108 61409832
15227679 59787583 101419621 19343135 18525118 16866231 18648228 11159076 6934565 17041996 11231658 22190576 57345517 12093835 150687644 10135174 18877998
15575118 9954498 10135174
15635432 59787583 20139657 151538740 20032672 101419621 19343135 18525118 16866231 18648228 6934565 21839975 9284662 57372393 16574432 22190576 22167202 182313134 57345517 150687644 10135174 18877998
15678636 67777737 20032672 23246632 9919328 10778316 9570637 16537073 1531819 9954498 8860329 10135174
15977953 67777737 71352208 166587703 8693204 2836415 1531819 12200486 7667668 8860329 8389403
15985892 23246632 9277330 9570637 16537073 9954498 173632421 10135174
16072154 9919328 5257313 2109978 17409108 10135174
16118799 9570637 9954498 8860329 10135174
16365755 166587703 151538740 8693204 2836415 1531819 8860329
16537073 77809072 133150173 17009354 54924974 23246632 9919328 10778316 97802369 8860329 173632421 90675890 18942475 8153886
16574432 71352208 59787583 20139657 151538740 19685497 101419621 127833723 11343181 19343135 18525118 16866231 18648228 6934565 21839975 17041996 57372393 22190576 22167202 182313134 57345517 50773026 10135174 21083918 18877998 18942475
16866231 59787583 20139657 151538740 19685497 101419621 11343181 19343135 18525118 18648228 11159076 6934565 21839975 17041996 9284662 57372393 16574432 22190576 22167202 182313134 57345517 12093835 50773026 150687644 10135174 18877998 18942475
17009354 3166747 92169389 20032672 12133780 86751054 22781525 8963702 17103474 53661078 11343181 21702884 91893014 20784792 17321415 17666167 16537073 24530372 11057232 11231658 17409108 53369972 105018497 8372947 22904699 12093835 18621187 86646790 10135174 21083918 18942475
17041996 20032672 12247974 23253209 19343135 91893014 16866231 18648228 57372393 16574432 22190576 12093835 150687644 21083918 18877998 18942475
17103474 3166747 92169389 17009354 12133780 86751054 22781525 8963702 91893014 17321415 24530372 11231658 53369972 61409832 8372947 12093835 10135174 18942475
17321415 3166747 92169389 17009354 12133780 86751054 22781525 8963702 17103474 53661078 21702884 91893014 17666167 24530372 11057232 11231658 53369972 105018497 8372947 22904699 21083918
17409108 77809072 62548794 131941285 71352208 51408116 3166747 17009354 92580714 20032672 25612287 22781525 135624038 50740293 23253209 9919328 99250531 18511760 11343181 91893014 10435710 56607262 23271223 6934565 21775977 19675996 11231658 61409832 8372947 60028379 82459969 90675890 86646790 10135174 18942475 8153886
17480353 7116602 7127999 10135174
17666167 71352208 92169389 17009354 12133780 86751054 22781525 53661078 17321415 173632421 11231658 8372947
17883391 51408116 110091507 106072881 20032672 25612287 93184354 23112560 94068901 26344228 23271223 11231658 18621187 138969512 172950582 145192054 21083918 18942475
18511760 62548794 20032672 23253209 99250531 10435710 56607262 17409108 90675890 10135174
18525118 59787583 20139657 151538740 19685497 101419621 19343135 16866231 18648228 6934565 21839975 9284662 57372393 16574432 22190576 22167202 182313134 57345517 12093835 50773026 150687644 10135174 18877998
18621187 71352208 110091507 17009354 93184354 23112560 26344228 23271223 17883391 138969512 10135174 21083918 18942475
18648228 59787583 12133780 101419621 19343135 21302395 18525118 16866231 6934565 17041996 57372393 16574432 22190576 22167202 57345517 12093835 150687644 10135174 18877998
18877998 59787583 20139657 151538740 19685497 101419621 23253209 127833723 19343135 18525118 16866231 18648228 6934565 21839975 17041996 9284662 57372393 16574432 22190576 22167202 182313134 57345517 12093835 18942475
18942475 77809072 138251067 71352208 51408116 3166747 4765761 59787583 92169389 17009354 208826119 92580714 169471297 151538740 94337025 20032672 12133780 86751054 137705456 154243484 22781525 150434563 93184354 135624038 50740293 17103474 23253209 9919328 99250531 87875878 53661078 20474086 23112560 9570637 11343181 63709012 91893014 21302395 7182814 89123004 16866231 19582789 56607262 16537073 23271223 124345597 6934565 17883391 17041996 21775977 56083871 16574432 11057232 11231658 17409108 61409832 163790932 57345517 8372947 22904699 12093835 67465327 60028379 82459969 90675890 18621187 50773026 133010374 10135174 18877998
19489934 71352208 10906539 19582789 8860329
19675996 208826119 12247974 7182814 9936670 173632421 11231658 17409108 4387449 12267815 8153886
20032672 77809072 62548794 131941285 71352208 17009354 92580714 25612287 22781525 93184354 135624038 50740293 23253209 9919328 10778316 99250531 18511760 94068901 10435710 56607262 23271223 6934565 17883391 17041996 21775977 173632421 11231658 17409108 61409832 60028379 82459969 90675890 86646790 10135174 18942475
20139657 59787583 151538740 19343135 18525118 16866231 6934565 57372393 16574432 22167202 10230534 182313134 150687644 10135174 18877998
133010374 71352208 92580714 94337025 137705456 101593507 165162054 115154147 25628459 124345597 10135174 27550949 18942475
137705456 92580714 94337025 101593507 115154147 25628459 124345597 133010374 27550949 18942475
138251067 86646790 10135174 18942475
138969512 51408116 110091507 106072881 93184354 23112560 26344228 23271223 17883391 18621187 10135174 145192054 21083918
162517402 19582789 182396509
165162054 71352208 94337025 101593507 124345597 133010374 27550949
166587703 67777737 2836415 1531819 12200486 7667668 9954498 8860329 10230534 8389403
169471297 131941285 3166747 12247974 2836415 5731841 11159076 10135174 18942475
172950582 51408116 93184354 17883391
176680349 77809072 57155858 133150173 86123414 154243484 150434563 20474086 94068901 63709012 22435290 22565017 89661393 56083871 139312178 163790932 10135174 27550949
182313134 71352208 59787583 20139657 151538740 19685497 101419621 8963702 11343181 19343135 18525118 16866231 6934565 21839975 57372393 16574432 25217920 10135174 18877998
182396509 89295518 1531819 162517402 10135174
191617448 8356717 9277330 10135174
208826119 71352208 12247974 10778316 9570637 7055611 7182814 9936670 19675996 10230534 10135174 12267815 18942475
215672280 92580714 94337025 137705456 101593507 165162054 115154147 25628459 124345597 133010374
225058660 87875878 17409108 67465327 18942475
231696544
264390032 92580714 22781525 99250531 94068901 124345597 17409108 90675890 10135174 27550949
