10135174
18942475
71352208
11343181
17409108
11231658
48357587
20032672
22781525
28769351
8860329
29436998
17009354
16866231
21702884
13221689
94068901
99250531
19343135
92169389
77809072
16574432
62548794
17321415
18877998
2836415
8372947
22190576
31579665
49700830
12792224
18525118
3166747
7667668
49230381
57372393
150687644
21083918
10230534
63709012
23253209
51408116
150434563
151538740
8389403
12093835
15678636
33637931
176680349
28428478
124345597
56607262
15635432
10778316
12267815
89661393
17883391
90675890
27550949
18648228
86751054
9570637
57155858
135624038
12498655
7182814
92580714
16537073
23112560
53661078
22167202
86123414
12247974
15227679
215672280
1531819
21775977
93184354
91893014
