166329596
166750090 19039543
166956577
169848481
171880344
172176064
172465909
174261901
174528692
175247542 150325668
175277028 25719408 66748 34155249 55175329 132570235 126500387 185520109
177218952
179104482
179890779
183117467
185520109 99797 8557606 15157875 2360042 1757536 34155249 146366766 37500300 132570235 126500387 187787716 218012866
186183085
186638209
187787716 150325668 37500300 132570235 93118760 185520109
188165448
188267327
190293388
191969358
193434207
205366892
206414037
207568240
207596167
207851703
208202980
209592291
209644792 215133903
212228536
212518019
215133903 209644792
215373708
215632433
216070043
216225317
216482066
217304278
217848640
217970534
218012866 150325668 37500300 185520109
218938581
218950618
219235598
219365968
219738247
219840731
13329305
13439910
13908707
14762742
15157875 185520109
15576340
15912559
16292888
17060024
18046037
18177632
18455208
19039543 99797 126500387 166750090
20052098
20516839
21801439
22629522
23617824
24476682
25425120
25719408 99797 66748 132570235
26292116
27022022
31168242
32878864
34155249 66748 1973291 1757536 132570235 185520109
35180924
37500300 150325668 132570235 187787716 185520109 218012866
37875343
42903226
45078884
50574914
52207091
54125665
55175329 132570235
55898856
57202475
59183714
60364625
60994006
61430235
61510469
63002267
63429080
66879771
69270809
69685357
71642247
72438758
76036035
41095
66748 99797 1812906 8557606 25719408 2360042 1757536 34155249 132570235 126500387
82009
99797 25719408 19039543 66748 185520109
162664
202011
207628
296314
876964
944050
1261263
1650045
1757536 66748 2360042 34155249 132570235 126500387 185520109
1812906 66748 132570235 126500387
1900303 132570235
1973291 34155249
2028006
2090110
2182304
2228693
2248651
2360042 8557606 66748 1757536 185520109
2879444
3166747
3177502
3537382
3923372
4027152
4412784
5371550
5779692
5826796
6352796 9827609
7327631
7655425
7665965
7700200
8557606 66748 2360042 132570235 185520109
8929967
9264840
9540537
9827609 6352796
9914557
9928110
10957380
11344991 132570235
11542261
11889485
12103500
13220700
79745730
82302037
82544857
82574059
83585393
89063763
91023171
92541650
93118760 187787716
95684083
95811873
98076350
99886437
101661685 227222899
104636411
105187696
114335950
116865193
117009542
119932159
123915019
125406452
126500387 1812906 19039543 66748 1757536 132570235 185520109
132133828
132570235 138594950 1812906 8557606 25719408 66748 1900303 1757536 11344991 150325668 34155249 37500300 55175329 93118760 126500387 187787716 185520109 285048716
137537144
137694175
138594950 132570235
139260021
139889741
141437064
141637929
143198516
143817694
144221345
146366766 185520109
146873889
147761779
150325668 37500300 132570235 175247542 187787716 218012866
155404929
155592080
156114000
158364297
159077232
159186454
159263881
160585449
162045155
162166478
164970971
219896297
220050715
220325940
221228252
223522038
224057655
224651120
224796347
225847934
226917620
227222899
227294311
227571650
228271262
229179637
229752502
229780761
229802412
230495861
234085315
234386022
234595353
235497636
236801325
237938081
239032207
239990716
242570555
245601730
247704509
249400503
251589188
252491691
253136075
256654903
257443058
259882566
261465315
263169274
265141194
273001912
276058155
276944852
277854413
279177404
280599046
282149857
285048716 132570235
286165718
286525606
