164481011 123953839
165473314 24259094 97671419
166044174 115090404
166681818
167687636
167762546 147003167 138980246 95570410 174483057
169016233 21191496
170548844 22875793 38734303 133827107
173483196
174162407 15108216
174483057
175972711 97671419
193391410
195853516 154878159 123953839
201602245 17409108 56846796 16246064 21175777 76545863 62135486 9545465 47649762 24048646 22875793 24259094 29160385 149090243 138980246 97671419 102929675 99657793 95570410 86102368 105431620
202265795 160921712
202754301 61871292 138980246
208358534 76545863 6525846
215090665 102929675
215389922
220416581 121098011
237624291 138980246 102929675
276997344
3166747 59183902 17409108 76545863 21191496 62135486 19150163 50398679 8155787 13111712 18178915 47649762 24048646 34799986 24259094 148716049 120148775 97671419 79378985 94655492 95570410 94752815
5793665 59183902 21191496 50398679 8155787 10533565
6525846 15108216 32613603 24048646 79378985 95570410 208358534
8155787 59183902 18225221 17409108 16246064 21537992 76545863 21191496 5793665 62135486 18584681 19150163 50398679 3166747 10533565 31588254 47649762 34799986 148716049 149090243 145350322 138980246 86626971 79378985 95570410 105431620 78410957
9545465 10768898 18178915 201602245
10533565 59183902 21191496 5793665 62135486 50398679 8155787 22875793 24259094 79378985 105431620
10768898 13339836 16246064 9545465 24048646 22875793 24259094 133827107 95570410
11977338
13111712 3166747
13339836 10768898
14183547 16246064 97671419
15108216 6525846 174162407
15620297 79378985
15654007
16246064 21537992 10768898 62135486 14183547 8155787 24048646 201602245
18178915 3166747 9545465
17409108 58225743 62135486 50398679 3166747 8155787 47649762 25612287 97671419 79378985 201602245
18225221 62135486 18584681 8155787 32613603
18584681 58225743 18225221 62135486 8155787 47649762 138980246 79378985
19150163 72916603 3166747 8155787 120148775 125012191 79378985
21175777 77623513 201602245
21191496 76545863 5793665 62135486 50398679 3166747 8155787 10533565 25060516 47649762 29160385 147415089 145350322 120260649 97671419 86626971 79378985 95570410 94752815 169016233
21537992 16246064 50398679 8155787
22193682 50398679 124725298
22797133 65898881 95570410
22875793 10768898 10533565 24048646 38734303 133827107 95570410 201602245 170548844
23868881
24048646 56846796 16246064 10768898 6525846 3166747 22875793 24259094 133827107 79378985 201602245
24259094 59183902 10768898 50398679 3166747 10533565 33405956 25612287 24048646 125012191 97671419 79378985 95570410 201602245 165473314
24695116 50398679 25612287
25060516 49794427 21191496 30570965 149113518 145350322 105677218
25612287 76579616 17409108 50398679 24259094 24695116
27274442 30570965 162180238 146921904 145742807 97671419
29160385 21191496 79378985 95570410 105431620 201602245
30570965 25060516 47649762 27274442 145350322 97671419 84137653
31588254 8155787 138980246 95570410
32442015 50398679
32613603 18225221 6525846 37162633
33405956 24259094 125012191
34799986 76545863 62135486 3166747 8155787 47649762 148716049 145350322 138980246 79378985 95570410 105431620
35098231
37162633 32613603
38734303 22875793 170548844
40015520
42720557 138980246
43144951
45657722
47649762 17409108 76545863 21191496 62135486 18584681 61871292 3166747 8155787 34799986 30570965 148716049 149090243 138980246 86626971 99657793 79378985 95570410 105431620 201602245
48709936 138980246 95085542
49675814 86626971
115090404 166044174
117244130
120148775 19150163 72916603 3166747 125012191 79378985 84137653
120260649 21191496
120775933 21191496 145350322
121098011 50398679 98546910 220416581
123953839 58225743 148716049 102929675 164481011 195853516
124256487
124725298 77623513 50398679 22193682 81512680 88044701
125012191 62135486 19150163 72916603 33405956 24259094 149090243 120148775 79378985
127396000 97671419
128863161 62135486 105677218
133112877
133827107 10768898 24048646 22875793 95570410 170548844
135401707
137402751
138881658
138980246 59183902 76545863 62135486 18584681 61871292 65733766 8155787 55319686 31588254 47649762 34799986 42720557 48709936 148716049 147496246 145350322 97671419 86626971 102929675 79378985 94655492 86102368 105677218 95085542 105431620 202754301 201602245
139237728
140614446 68729399
141276690
143908152 77623513 124725298 81512680
145350322 49794427 76545863 21191496 8155787 25060516 34799986 30570965 149113518 138980246 105677218
145742807 65898881 27274442 97671419
146906228
146921904 27274442
146933348 150561434
147003167
147415089 21191496 149113518
147496246 138980246
148716049 76545863 62135486 3166747 8155787 47649762 34799986 123953839 138980246 79378985 105431620
149090243 76545863 62135486 8155787 47649762 125012191 95570410 201602245
149113518 49794427 25060516 147415089 145350322
150561434 146933348
151177576
152713665
154878159 195853516
154887676
156137441
156241395
156792228 52960210 62135486 112171674
159885268
160017763 86626971 94752815
160921712 202265795
161918669
162180238 27274442 97671419 102929675
162607596
163400338
163454662
163622538 97671419
49794427 25060516 149113518 145350322
50398679 17409108 21537992 21191496 5793665 62135486 3166747 8155787 10533565 22193682 24259094 32442015 24695116 121098011 124725298 81512680 79378985
50606401
50614813 16246064
51866908
52960210 56027423 156792228
55319686 138980246 95085542
56027423 52960210
56846796 24048646 201602245
58225743 17409108 18584681 123953839 86102368
59183902 5793665 62135486 3166747 8155787 10533565 24259094 138980246
59212509
61871292 62135486 47649762 138980246 99657793 202754301
62135486 59183902 18225221 17409108 16246064 76545863 21191496 18584681 61871292 50398679 3166747 10533565 47649762 34799986 148716049 149090243 156792228 128863161 138980246 125012191 97671419 86626971 102929675 79378985 94655492 95570410 105431620 78410957 201602245
64027101
65733766 138980246
65898881 145742807 97671419
66163048
68729399 140614446 102929675
69861119
72916603 19150163 120148775 125012191 84137653
75632617
76545863 21191496 62135486 3166747 8155787 47649762 34799986 148716049 149090243 145350322 138980246 79378985 94655492 95570410 105431620 201602245 208358534
76579616 25612287
77623513 21175777 124725298 81512680
78040126
78410957 62135486 8155787
79378985 17409108 76545863 21191496 62135486 18584681 15620297 19150163 6525846 50398679 3166747 8155787 10533565 47649762 24048646 34799986 24259094 29160385 148716049 138980246 120148775 125012191 94655492 95570410 105431620
80412006
81512680 77623513 50398679 124725298
84137653 72916603 30570965 120148775 97671419
86102368 58225743 50398679 138980246 201602245
86626971 21191496 62135486 8155787 49675814 47649762 160017763 138980246
88044701 77623513 124725298
89219346
90188510 32613603 97671419
94319093
94655492 76545863 62135486 3166747 138980246 79378985
94752815 21191496 5793665 62135486 3166747 8155787 160017763 95570410
95085542 55319686 48709936 138980246
95570410 10768898 76545863 21191496 62135486 6525846 3166747 8155787 31588254 47649762 34799986 22875793 24259094 29160385 149090243 133827107 79378985 105431620 94752815 201602245
97671419 17409108 21191496 62135486 65898881 3166747 14183547 30570965 24259094 27274442 162180238 138980246 145742807 84137653 175972711 201602245 165473314
98546910 121098011
98962495
99657793 61871292 47649762 201602245
102929675 62135486 68729399 162180238 123953839 138980246 215090665 201602245
105431620 76545863 62135486 8155787 10533565 47649762 34799986 29160385 148716049 138980246 79378985 95570410 201602245
105677218 49794427 25060516 145350322 128863161 138980246
111415172
112171674 156792228
