2071 7168740 5875303 10972892 20640983 24436376 32394121 38736773 68631861 63628485 145321740 153351043
522339
1445073
2150650
2262066 86106758
2371021 7168740 3906100 17467525 20640983 32394121 68631861 172266190
2496330 11164615
2626961 6111560 11600050 14168294 18465503 21405897 26550258 30613089 93013162 110801143 134228671 187244325 215662977
2693779 134228671 141735377 150561819
2856499 9249893 145321740
3678254 75292961
3760249 4169090 4129650 7623979 10972892 14925062 17786937 18465503 46325718 49623831 56414520 68631861 63628485 153351043
3906100 2371021 151035165
4129650 6111560
4169090
4878390 145321740
4904841 17244019
5364661 215662977
5483432 138965361
5504439
5642674
5643375 49487547
5686850 18465503
5715182
5875303 7168740 9184076 2071 8618231 10972892 49487547 68631861 153351043 172266190
5899298
5934768
5948002 4129650 18465503
5954729 9774259
6005234 9249893 49642368 150561819 207725512 208696853
6018208
6111560 4129650 2626961 14168294
6576755
6830628 9184076
6915254
7126494
7168740 9249893 2371021 2071 8618231 10936219 5875303 10972892 12246726 18465503 20640983 24436376 68631861 63628485 114662702 137018749 139902831 145321740 153351043 172266190
7197227
7222582
7242521
7255588
7392316
7623979
7716373
7758924 218662184
8096462
8128104
8211247 152958063
8259391 208696853
8603108 33163322 38186564 110801143 137213906 147652215 187244325 194340800 215662977 218662184 247677889
8618231 7168740 5875303 16029930 10972892 20959236 20640983 68631861 139902831 145321740 172266190
8849705 10972892 55906389 68631861 114662702 218662184
8980714
9036949 11807367
9171986
9184076 6830628 5875303 145321740
9199742
9203192 23755889 26031246
9212054 14948785 18465503 29294322 145321740 147575263
9249893 6005234 7168740 2856499 11598148 10972892 20959236 20640983 24436376 39647029 34186885 81703944 86595987 215662977
9428660
9545465
9701136
9761522
9772977
9774259 5954729 145321740
10044058
10048625
10294600 124073409 187244325 218662184
10528589 38186564 208696853 232853756
10564310 156195174
10724698
10856570 17808334
10920758 13686345
10936219 7168740 68631861 145321740
10972892 9249893 7168740 2071 8618231 5875303 8849705 12246726 20959236 20640983 24436376 49642368 68631861 114662702 139902831 172266190
11085920
11164615 2496330 21700801
11168661 114662702
11176660 194340800
11282034
11306329 90073411
11306878
11326082
11471855
11518835
11598148 9249893 11600050 39647029
11600050 2626961 17426857 11598148 18465503 62163582 86595987 187244325 218662184
11604662
11757694 18465503 190884882
11807367 9036949
11999026
12218980
12244283
12246726 7168740 10972892 20640983 19637328 24436376 38215367 68631861 145321740
12267366
12359912 7168740 8618231 9701136 10972892 20640983 24436376 31377567 38215367 38736773 68631861 83244108 114662702 136057368 145321740 172266190 210474011 229146107
12386215 25227694
12536637
12569580
17467525 2371021
17495328
17740668
17750205
17786937
17808334 10856570
17968478
18060430 96391524 161902965 221728636
18119045
18214964 105011865 160955981
18269806 194340800
18409944
18465503 7168740 5686850 2626961 9212054 11600050 13293447 11757694 21405897 23755889 23733661 29294322 26470502 34186885 45696896 56414520 59039394 68631861 60197900 67269141 62950682 65344984 80734792 82389726 75292961 91693966 101132260 117206771 118422385 126397022 123498025 134376496 134228671 145078722 153029596 153416128 172266190 184859077 187244325 203328185
18548647
18550726
18609525 16295500 62608996 93826114 150561819
18661345 33504709
18675330 245744257
18703883
18710027
18846946
19069585
19246871 102334157
19258417
19414459 23755889 34186885
19427836
19637328 12246726 20640983 24436376 93683688
19854935
19868710 16177292 183747312
19898135 14930604 59567245 124073409 137213906 187244325 208696853
19963262
20130772
20146390 90073411 88783603 163290531 231807380
20170858 27384259 32332641 65551454 71725306 89942987 95702404 100858343 107266621 103368351 114086294 121820862 133553723 132819023 132476296 134228671 137742760 135209733 139898949 141735377 141732078 147966339 148166744 150527398 147675426 159031719 156282369 155556926 156194768 161105836 160889166 162964857 172887684 174374617 174533786 174759527 178884741 176556638 185508178 181178450 191001396 191784121 187535867 187296059 187676479 195039567 198044062 201679733 203119606 206379989 208435497 204712847 212620338 220774773 227159031 222427688 223869014 225529494 231955977 237657087
20634951
20640983 9249893 2371021 7168740 2071 8618231 10972892 12246726 20959236 19637328 24436376 68631861 153351043 172266190
20702673 75646718 98636534
20806976 118478931
20888199 150561819 187244325
20959236 9249893 8618231 16029930 10972892 20640983 38736773 53373661
21068315 194340800 230613128
21265890 24436376 221728636
21405897 2626961 18465503 45696896 184859077 187244325
21454746 141984922
21614014 38186564 150561819 187244325
21616552 16177292 16029930 63225593
21628874 208696853
21651503
21700801 11164615 68494695
21768433
12622764
12644312
12650276 38736773
12708617
12769485 14168294 12934238 38736773 187244325
12850208 31112661
12910910
12934238 12769485 52161977
13148156
13212808
13293447 18465503
13406734
13439743
13636848
13661646
13686345 10920758
13918813
14052083
14141251 32713363
14168294 6111560 2626961 12769485 22369154 33163322 52248230 86595987 116955298 110801143 137213906 187244325 207779791 208696853 215662977 218662184 247677889
14220356
14782392 120034837 125939248
14802687
14818054
14925062
14930604 19898135
14948785 9212054 29294322 114662702
14956343
14972947
15298209
15460157
15632943
15738034
15856562
15901513
16029930 8618231 20959236 21616552 81923799 145321740
16132335
16150081
16177292 19868710 21616552 187244325
16295500 18609525
16469075
16517170
16667563 43378287
16737695
16826750
17244019 4904841
17270111 33073519 194340800
17426857 11600050 86595987
17431787 61139590 134228671 155362765 213681079
17445063
21779422
21843171
21924750
22020055
22191475
22369154 14168294 147652215 187244325
22430561
22449400
22768097
23077191
23200493 86595987 135738063 147652215 215662977
23319980
23463671
23612656
23703982 86595987
23733661 18465503
23755889 18465503 19414459 23870685 26031246 30898797 110801143 124073409 134946969 147652215 150561819 174283030 187244325 215662977 216866836 218662184 217706827 232853756
23870685 23755889
24022533 29357940
24048369
24436376 9249893 7168740 2071 10972892 12246726 20640983 21265890 19637328 33163322 38215367 52248230 93683688 145321740 172266190
24807869
24946740 126397022
25155454
25227694 12386215
25336487
25524816
25547127
25618822
25621014
25791847 124073409 153437397 218662184
25794267 110801143 194340800
25846940 121712305
26031246 23755889 30898797
26207539
26470502 18465503
26491829
26550258 2626961
26560703
26607150
26738621 80936715
27069742
27078059
27175784
27384259 20170858 103368351 150527398 156282369 156194768 172887684 187535867 203119606 223608572
27454024
27535334 89667134
27635108
27828423 38186564 75292961 155146844
28061250 123320408 232853756
33167484
33319294
33504709 18661345
33621539
33759379 150890780
33770063 135617637
33796258 31283670
33819887 99969027
33825088
34021780
34042991
34186885 9249893 18465503 19414459 32540277 38186564 39647029 62163582 86595987 110801143 215662977 232853756
34651409
34768856
34926701
35249487 115518945 222712649
35301457 213681079
35546919
35682551 184501155 208696853 223434869
36019548
36724472
36918929
37217212
37349382
37349875
37843924
37874977
38186564 8603108 10528589 21614014 27828423 34186885 49642368 59567245 81703944 90073411 86595987 110801143 112852250 137213906 135738063 147652215 150561819 177839223 197984311 208696853 215662977 247677889
38215367 12246726 24436376 38736773 172266190
38237617
38511500
38550144 3906100
38563199
38736773 2071 12650276 12769485 20959236 38215367
39516094 139582015
39647029 9249893 11598148 32042567 34186885 53032524 81923799 75292961 110801143
40028751
40029121
40213578
40298600
40357325
40405957
40455670 45696896
40501258 211806446
41329134
41481163
41580366
41584765
41918652
42501747 64889122 194208374
28142508
28166670
28174323 184802738
28705136
28712513
28754127
28777506
28842230
28982097
28987371
29150553
29210695 130656105 184233913
29227020
29294322 9212054 14948785 18465503
29357940 24022533
29393581
29593219
29752650
29769278
29849884
30071666
30175619
30233416
30613089 2626961
30639388
30668026
30721664
30898797 23755889 26031246 66087471 134946969 150561819
31112661 12850208
31167896
31283670 33796258
31377567
31569631 68798682 101866873 112619569
32042567 39647029
32045197 46944916 59567245 147652215
32120547
32249539
32332641 20170858 65551454 89942987 95702404 107266621 103368351 114086294 121820862 132819023 132476296 134228671 137742760 139898949 141735377 147675426 156282369 156194768 161105836 162964857 172019241 172887684 174533786 186065796 187535867 187296059 201679733 203119606 204712847 212620338
32394121 2371021 2071
32459655 56796424
32468315
32499066
32540277 34186885 82429265 218662184
32713363 14141251
32717601
32958157
33058873
33073519 17270111
33112960 82429265 107764713 139352102
33163322 8603108 14168294 24436376 93683688 110801143 137213906 151035165 187244325 215662977 221728636 218662184
42652092
42866230 116061274 120475737
42923389
43147725
43276506
43378287 16667563 218662184
43495073
43598232
43680088
44119120
44125368 218662184
44555404
45620000
45696896 18465503 21405897 40455670 134376496
46325718
46359497 187244325
46468846 99091051 155911832
46542287 133193940
46944916 32045197
47065095 78052715
47123798 208696853
47223237
47259749
47388217 111627522
47626908
47779347
48080810 200249975
48095909
48124383
48195109 162358523
48387199
49487547 5643375 5875303 63628485 145321740
49623831
49642368 6005234 10972892 38186564 56414520
49671268 187244325
49686031
50390216 162712271 175378798
50745416 112130820
50749893
51103195 207725512
51174419
51195971
51372842 218662184
51400398
51443444
51774523
51822832
51838555
51970346 218662184
52161977 12934238
73320004
73558134
74039761 131964026
74369751
74370447 136486244 220307250
74850543
75023170
75287068 81703944 114731395
75292961 3678254 18465503 27828423 39647029 90073411 86595987 110289687 110801143 112852250 137213906 136291242 135738063 138981054 140289714 150561819 155146844 175428512 183747312 187244325 208696853 215662977 218662184
75646718 20702673 59567245 98636534 157733433 155529069
76078274
76594727
76752842
76880916
77522343
77667775
77680228
77974538
78051003
78052715 47065095
78250924
78384384
78598843 189488678
78935345 163502999
79114952 115094473
79277222
79346156
79567402
79720861
80386807 44555404
80734792 18465503 164135876
80936715 26738621 108381798
81272046 178634732
81695221 71576762 222695000
81703944 9249893 38186564 75287068 110801143 215662977
81923799 16029930 39647029 213254247
81972880 107764713
82067903
82111916
82235087
82265002
82300941
82310864
82389726 18465503
82429265 33112960 32540277 107764713 139352102 167744342
82440613
82526952
82864415
83082500 60197900
83158381
59793086
60146888
60197900 18465503 63457766 83082500
60203528
60257181
60555383
60731167
61139590 17431787 71153445 133963310 134228671 143294130 213681079
61145281
61189519
61354064
61483060
61582298
61887163 163597411
62053303
62078726 130231307
62124988 132292255
62133695 194340800
62163582 11600050 34186885 86595987
62223386 116653694
62434211
62501629 63225593 213238182
62539039
62608996 18609525
62907220
62950682 18465503 71971574
63225593 21616552 62501629 134574559 213681079
63294824
63401921 66859139 187386479
63457766 60197900 114288469
63519769
63628485 7168740 2071 49487547 153351043
63870398 67946800
64103134 172675004
64599509 157733433
64721708 54496054
64889122 42501747 194208374
65146712
65261696
65344984 18465503
65490103
65551454 20170858 32332641 89942987 95702404 107266621 105011865 103368351 114086294 121820862 131556543 132819023 132469129 132476296 134228671 137742760 139898949 147966339 148166744 147675426 156282369 156194768 160889166 162964857 172019241 174533786 176556638 191001396 191784121 187535867 187296059 198044062 208435497 204712847 204758569 212620338 223608572 223639066
65736419
66006747 153210178
66011990 187244325
66019905
66087471 30898797
66089202
66135009 121949381 218662184
66781023
66835295
66859139 63401921 131964026
66974138
67063693
67078179
67269141 18465503 208696853
67304066
67616856
67769999
67922992 187244325
67929120
67937366
67946800
68125105 131231828
68274574
68494695 21700801
68620721 170121981
68631861 2371021 7168740 2071 8618231 10936219 5875303 8849705 10972892 12246726 18465503 20640983 114662702 139902831 145321740 153351043 172266190
68798682 31569631 101866873 112619569
68815708
68872148 178634732
69079876
69080255
69115821
69288213 133243042 204295051
69491769
69996269
70616838 152041577
70746380
71153445 61139590 133963310 143439201 143294130 168332729
71183683
71461844 124550740
71576762 81695221 175170935
71585806
71668821
71686186
71725306 20170858 58567700 86399945 110909035 136637208 147675426 162536110 186197299 212620338
71748295
71754623
71962990
71971574 62950682
72003169 94307549 108662000
72032753
72574630
72577230
72637823
72724049
72988564 59567245 175428512 194340800 218662184
73077769
73107754
52247661 185559305
52248230 14168294 24436376 160872243
52285597
52654715
52742032
52969867
53027689
53032524 39647029 187244325 218662184
53148921
53373661 20959236
53567267
53807795 187244325
53864214
53873299
54278279
54496054 64721708 137213906
54684268
54845578
54881256 218662184 222712649
54989403 154233887
55078880
55099695
55195507
55242399
55598267
55653254
55730073
55816558
55906389 8849705
55949817
56265685
56414520 18465503 49642368
56611963
56796424 32459655
57024268
57397321
57571114
57598471 110801143 213736369
57758713
57831474
58027585
58040907
58368906 184859077
58446582 90073411
58452631
58567700 71725306 105011865 145230802 196611191
59032835 113227633
59039394 18465503
59164920
59567245 19898135 32045197 38186564 75646718 72988564 110801143 120213759 150777702 183747312 187244325 215662977
100995298
101132260 18465503 218662184
101518575
101603895
101866873 31569631 68798682 112619569
102035770 134228671 220774773
102159303
102184551
102334157
102429794 57024268
102447374
102662594
102795106
102893347 139735757
103050633
103310369
103368351 20170858 27384259 32332641 65551454 89942987 91468706 95702404 107266621 114086294 131556543 132819023 132469129 132476296 134228671 137742760 139898949 141735377 147966339 148166744 150527398 147675426 159031719 156282369 156194768 160955981 161105836 160889166 162964857 172887684 174533786 178884741 176556638 185517995 181178450 191317935 191001396 191784121 187535867 187296059 187676479 195039567 197282886 198044062 200858311 201554567 198687506 199853640 199141188 201679733 208435497 208039850 204712847 204758569 214003020 212620338 211475543 226884597 227159031 222427688 223869014 223608572 223639066 225529494 260500513 231955977 237657087
103621339
103808580 139809762 150431251 169437694
104166405
104176050
104302561
104333608
104478831
104497163
104550923
104569953
104571371
104663557 201460733
104963280
105011865 18214964 58567700 65551454 86399945 110909035 134228671 160955981 171491575 172019241 174759527 176556638 186197299 210861323 226283607
106065348 131553513
106580757
107084733
107266621 20170858 32332641 65551454 89942987 91468706 95702404 103368351 114086294 121820862 131556543 132819023 132469129 132476296 137815922 137742760 136932344 136637208 135209733 139898949 148166744 150527398 147675426 159031719 156282369 155556926 156194768 160955981 161105836 160889166 162964857 171491575 172019241 172887684 174374617 174533786 186065796 185517995 191001396 191784121 187535867 187296059 187676479 196611191 197282886 197654611 201554567 203734625 201679733 206379989 208435497 204712847 204758569 214003020 212620338 227159031 222427688 223869014 223608572 223639066 225135044 260500513 231955977 237657087
107537286 155146844
107692735
107755346
107764713 33112960 82429265 81972880
108381798 80936715
108662000 72003169 94307549
109096137
109725774
109903343
110096967
110164987
110289687 75292961
110365208
110406087
110525254
83244108 136057368 139902831 172266190
83437370
83649110
83746233
84010876 187244325 194340800
84018538
84141158
84642500
84800609
84816074
84928838
84976754
85126600 144927765
85227747
85732141 140482739
85871309
85949664
86103726 181459062
86105363
86106758 2262066
86387290 187244325
86399945 71725306 105011865 110909035 120475737 134228671 147675426 160955981 171491575 174759527 215176185 210861323
86490663
86497318
86595987 9249893 17426857 11600050 14168294 23703982 23200493 38186564 34186885 62163582 75292961 110801143 215662977
86899688
86924615
87039421
87136883
87386509
87948712 175170935
87967669
88086693
88118894
88326157
88489376
88636608
88783603 20146390 90073411 163290531 231807380
88988661
89223991
89667134 27535334
89823252 139126929
89895131 139126929
89942987 20170858 32332641 65551454 95702404 107266621 103368351 114086294 121820862 131556543 132819023 132476296 134228671 137742760 139898949 141735377 150527398 147675426 159031719 156282369 156194768 161105836 160889166 162964857 172019241 178884741 181178450 187535867 187296059 203734625 201679733 204712847 212620338 211475543 225529494 225135044
90073411 11306329 20146390 38186564 58446582 75292961 88783603 163290531 218662184
90162177
90170966 140638303
90220443
90779705
90838474
110571670
110695059
110801143 8603108 2626961 14168294 23755889 33163322 38186564 39647029 34186885 57598471 59567245 81703944 75292961 86595987 137213906 138981054 140289714 155146844 172675004 175428512 181213634 183747312 187244325 194340800 208696853 215662977 218662184 232853756 247677889
110909035 71725306 86399945 105011865 141735377 165512060 172019241 187433648 215176185 210861323
111017484
111242363 175450943
111569583 167237799
111627522 47388217
111808919
111871659 124550740 208696853
112130820 50745416 187244325
112429411
112618505
112619569 31569631 68798682 101866873
112687512
112782605
112852250 38186564 75292961 121949381
113227633 59032835
113271620 215662977
113448591
113608844 138981054 172675004 222041179
113980086 116571975
114086294 20170858 32332641 65551454 89942987 91468706 95702404 107266621 103368351 121820862 131556543 132819023 132469129 132476296 135302862 141735377 147966339 148166744 147675426 159031719 156282369 156194768 160955981 161105836 160889166 162964857 174533786 178884741 176556638 185517995 191784121 187535867 187676479 197282886 197654611 201554567 208039850 212620338 222427688 223869014 223608572 223639066 231955977 237657087
114134985
114288469 63457766 169723215
114462434
114507869
114662702 7168740 8849705 14948785 10972892 68631861 145321740
114710684 136207170
114727686
114731395 75287068
115035546
115084819 133136073
115094473 79114952
115195166 213681079
115518945 35249487 185399011 218662184
115727276
115790730
115828430
115836362
116061274 42866230 120475737 145230802 156194768 181673575
116290897
116412576 187871564
116571975 113980086
116653694 62223386
116797787 235838631
116921413 125615966 213681079
116955298 14168294 150561819 218662184
117141778
117206771 18465503
90896431
91219988 133498950
91436332 164309676
91468706 95702404 107266621 103368351 114086294 134228671 156194768 204712847 204758569
91643406 213736369
91693966 18465503
91838757
91883591 194340800
92429659
92754111
93013162 2626961
93075839
93683688 19637328 24436376 33163322 167359024
93826114 18609525
94255904
94307549 72003169 108662000 147147675
94397589
94939848
95309077
95427522 218662184
95702404 20170858 32332641 65551454 89942987 91468706 107266621 103368351 114086294 131556543 132469129 134228671 139898949 141735377 147675426 159031719 156282369 156194768 161105836 162964857 176556638 191784121 187535867 187296059 204758569 222427688 223608572
95725664 217168376
95753079
96391524 18060430 187244325 195474861 194340800 208696853 213736369 221728636
96838155
97148383
97516988
97645467
97981989
98003012 133880563
98636534 20702673 75646718
98650850
98881053
99091051 46468846 155911832
99092809
99173174 134228671 141735377 147675426 160266332 160889166 214607796 220774773
99333640
99362636 190444429
99366865
99374429 71668821
99813379
99969027 33819887
100272479
100323597
100662915
100682495
100858343 20170858
100941735
100948457 145780840
100974147
124500516 200249975
124550740 71461844 111871659 185829418
124596630
124827769
124873376
124955635
124997702
125012050
125167015 155911832
125238365
125349866
125359685
125615966 116921413
125939248 14782392
126329035
126397022 18465503 24946740
126492168
126619509
126947117
127039534
127452108 139238142
127452703 116061274 120475737 145230802 171491575 210861323
128162274
128344531
128439948
128531324 145230802 160955981 181673575 210861323
129079360
129646636
130127988
130231307 62078726 194340800
130656105 29210695
130721844
130725616
130771701
131231828 68125105
131504854
131553513 106065348
131556543 65551454 89942987 95702404 107266621 103368351 114086294 132469129 132476296 139898949 141735377 147966339 150527398 147675426 159031719 156282369 156194768 161105836 160889166 172887684 174533786 178884741 176556638 191001396 191784121 187535867 187296059 187676479 201554567 198687506 199853640 206379989 204712847 204758569 214003020 212620338 211475543 222427688 223869014 223608572 225529494 231955977 237657087
131572973
131635947
131774473
131803681 52247661
131820954 142419695
131883494
131941640
131964026 66859139 74039761 204295051 208696853
131993432
131995289 231819604
132042419 172295844
132086585
117475868
117761608 221728636
117791914 194340800
118151704
118422385 18465503
118472279 187244325
118478931 20806976
118649738
118830228
119004185
119033387 187244325
119062663
119319721
119932340
119963444
120012165
120034837 14782392 158867009 171141900
120213759 59567245 147575263 172675004
120257026
120265913 167158169
120360900
120475082
120475737 42866230 86399945 116061274 134228671 145230802 147675426 160955981 181673575 210861323
121073537 123191495 137102890
121196091 122800482
121507777
121650447 20170858 107266621 103368351 121820862 133164370 132469129 147675426 187535867 187676479 195039567 204758569 223869014 223639066
121712305 25846940 223458375
121727383
121763735
121820862 20170858 32332641 65551454 89942987 107266621 114086294 132469129 139898949 141735377 156194768 160889166 162964857 187296059 204758569 222427688
121946507
121949381 66135009 112852250 187244325
122121410
122171628
122610836 190394794 187244325 194340800 197404323
122797509
122800482 121196091 164932193
122835897
123097336
123127913
123191495 121073537
123320408 28061250 150561819
123498025 18465503
123537369 133553723
123610541
123871314
124073409 10294600 19898135 23755889 25791847 132292255 183747312 218662184
124277518
124403807
132116403
132164919
132253550
132271914 185315834 186197299
132284347
132292255 62124988 124073409
132320417
132327570
132469129 65551454 95702404 107266621 103368351 114086294 121820862 131556543 132819023 132476296 134228671 136637208 135209733 141735377 150527398 147675426 156282369 155556926 160955981 161105836 162964857 172019241 172887684 174374617 185517995 191784121 187535867 196611191 198044062 199853640 201679733 204712847 212620338 260500513
132476296 20170858 32332641 65551454 89942987 107266621 103368351 114086294 131556543 133164370 132469129 137742760 135209733 135302862 139898949 141732078 148166744 150527398 159031719 156282369 155556926 156194768 160955981 161105836 160889166 162964857 172887684 174374617 174533786 178884741 176556638 181178450 191317935 191784121 187535867 187296059 187676479 195039567 198044062 200858311 201679733 208435497 204712847 204758569 212620338 226884597 227159031 222427688 223869014 223639066 225529494 260500513 231955977 237657087
132496815
132516984
132588519
132601083
132660487
132709527
132751437
132819023 20170858 32332641 65551454 89942987 107266621 103368351 114086294 132469129 135209733 139898949 141735377 147966339 156282369 156194768 160955981 161105836 160889166 162964857 178884741 176556638 191001396 191784121 187676479 195039567 197282886 197654611 198044062 200858311 201554567 198687506 199141188 201679733 204712847 204758569 214003020 212620338 211475543 221062960 222427688 223869014 231955977
132846721
132992570
132997320
133070336
133097939 170563173 234832716
133100849
133123375
133136073 115084819
133139493
133140583
133157740
133160111
133164370 134900017 132476296 136637208 150527398 195039567 196611191 198044062
133193940 46542287
133209097
133243042 69288213 191137385
133245941 223434869
133268078
133272404
133282008
133335066
133359924
133451896
133462505
133491945
133493441
133498950 91219988
133553723 20170858 123537369
133672291 190394794
133725079 138981054 187244325
133729944 179184256
133880563 98003012
133934845
133938807 139006140 175170935 188737145
133963310 61139590 71153445 143439201 143294130
134043932
134175211
134226933 194340800
134228671 2693779 2626961 17431787 18465503 20170858 32332641 61139590 65551454 89942987 86399945 91468706 95702404 105011865 103368351 102035770 120475737 132469129 136637208 135302862 139898949 141735377 147966339 150527398 147675426 160266332 156282369 155556926 156194768 160955981 160889166 162964857 172887684 174533786 174759527 186065796 181178450 181041338 187535867 187296059 194929195 199853640 201679733 213681079 215860644 213238182 214607796 211475543 220774773 223869014 223639066
134237760
134256132 140448056
134376496 18465503 45696896
134491633 192923236
134502406
134518028
134574559 63225593
134581844 147323307
134633889
134728737
134731711 207764134
134844869
134900017 133164370 150527398
134929849
134946969 23755889 30898797
135013592
135072272
135087682
135104536
135167844 171574465
135209733 20170858 107266621 132819023 132469129 132476296 141735377 147966339 150527398 147675426 156282369 156194768 161105836 160889166 162964857 172887684 174374617 174533786 185517995 181178450 191317935 191784121 187676479 197282886 198044062 200858311 201554567 208435497 204712847 204758569 221062960 227159031 223608572 223639066 225135044
135294549
135302862 114086294 132476296 134228671 147675426 159031719 156282369 155556926 161105836 160889166 171491575 174533786 176556638 186065796 191001396 187535867 196611191 197654611 200858311 198687506 203734625 204712847 211475543 223869014
135314765
135369143 203890630
135377592 187244325 194340800 215662977 246616315
135383501
135392087
135395907 187244325
135466427
135492404
135515600
135532277
135546967
135599026
135617637 33770063
135738063 23200493 38186564 75292961 166595396
135763301
135772364
135938850
136057368 139902831
136079693
136151814
136207170 114710684 214014763 214340906 235856792
136244284
136291242 75292961
136323004
136481700
136486244 74370447
136605729 139768233 200390664
136616154
136637208 71725306 107266621 133164370 132469129 134228671 136932344 147966339 147675426 155556926 160889166 174533786 178884741 176556638 181178450 191784121 196611191 197654611 201554567 198687506 201679733 215018546 222427688 225529494
136689078
136746928 200749895
136752443
136810546
136842276
136845248
136850072
136932344 107266621 136637208 148166744 156194768 195039567
136977694
137018749 7168740 145321740
137059501 138043678 145942850 170252036
137069612
137102890 121073537
137181262
137193879
137213906 8603108 14168294 19898135 33163322 38186564 54496054 75292961 110801143 187244325 215662977 218662184
137226120
137294013
137503829
137524442
137540680
137594321
137690518
137716669
137742760 20170858 32332641 65551454 89942987 107266621 103368351 132476296 139898949 141732078 156282369 156194768 161105836 162964857 172887684 174374617 174533786 181178450 187535867 187296059 198044062 208435497 212620338 223608572
137774288
137798748
137799539
137815922 107266621
137816594
137997677
138043678 137059501 145942850 170252036
138249392
138364508
138564372
138647689
138672453
138697523
138703744 142434183
138758206
138840588
138965361 5483432 187244325
138981054 75292961 110801143 113608844 133725079 160872243 163597411 206088637
139006140 133938807
139038468
139126929 89895131 89823252
139238142 127452108 147147675
139273683
139339064
139340842
139348242
139352102 33112960 82429265 167744342
139406571
139556700
139582015 39516094
139617675
139735757 102893347
139765694 143166077
139768233 136605729 200390664
139809762 103808580 150431251 194340800
139868116
139884363
139898949 20170858 32332641 65551454 89942987 95702404 107266621 103368351 121820862 131556543 132819023 132476296 134228671 137742760 141735377 141732078 147966339 148166744 150527398 147675426 159031719 156282369 155556926 156194768 160955981 160889166 162964857 172019241 172887684 174374617 174533786 178884741 186065796 185517995 181178450 187535867 187296059 197282886 198044062 201679733 208435497 204712847 204758569 226884597
139900242
139902831 7168740 8618231 10972892 68631861 83244108 136057368 145321740 172266190 210474011 223458375
139906606
139936142
139960133
139962221
140034790
140045731
140052820
140143216 147675426
140154873
140232479
140289714 75292961 110801143 160872243 187244325 208696853 215662977 216866836 218662184
140340080 218662184
140390665 65551454 135209733 135302862 147966339 148166744 150527398 156282369 155556926 160955981 161105836 160889166 174374617 174533786 176556638 186065796 187535867 198044062 201679733
140448056 134256132
140482404
140482739 85732141
140561753
140616221
140638303 90170966
140839974
140937651
141253264
141275630
141320525
141551143
141573254
141577597
141679760
141718715
141732078 20170858 132476296 137742760 139898949 150527398 172887684
141735377 2693779 20170858 32332641 89942987 95702404 99173174 103368351 110909035 114086294 121820862 131556543 132819023 132469129 134228671 135209733 139898949 147966339 148166744 147675426 151740598 159031719 156282369 155556926 156194768 160955981 161105836 160889166 164536919 162964857 172887684 173229030 174533786 178884741 186065796 185517995 181178450 191317935 191001396 191784121 187535867 187296059 187676479 197282886 197654611 198044062 200858311 198687506 203734625 203119606 208039850 204712847 204758569 215018546 214003020 211475543 211395228 221062960 218841179 226884597 222427688 223869014 223608572 225135044 260500513 231955977 237657087
141795125
141819440
141984922 21454746
141985646
141988984
142399991
142407082
142414520
142419695 131820954 162085784
142434183 138703744
142471637
142603087
142656121
142660712
142779090
142808083
142852454
142891487
143033774
143092348
143166077 139765694
143294130 61139590 71153445 133963310
143376760 153210178
143382750
143439201 71153445 133963310 174528535 213681079
143443719
143471740
143607026
143817496
143896876
144152091
144206746
144213728
144217744
144279130
144391782
144793488
144836806
144849799
144927765 85126600
144985230
145078722 18465503
145140353
145230802 58567700 116061274 120475737 160955981 181673575 219757439
145321740 7168740 9184076 2071 8618231 10936219 5875303 9774259 2856499 9212054 8849705 4878390 16029930 10972892 12246726 12769485 20640983 24436376 49487547 55906389 68631861 114662702 137018749 139902831 147082852 153351043 172266190
145352769
145396008
145517971
145759887
145780840 100948457
145921973
145942850 138043678 137059501 170252036
146194254
146356382
146558944
146773985
146928160
146943928
146950730 192519655
147082852 145321740
147098892
147147675 94307549 139238142
147148380
147323307 134581844
147440633
147507988
147575263 9212054 120213759
147607636
147652215 8603108 22369154 23755889 23200493 32045197 38186564 165681761 174283030
147655750 155146844
147675426 20170858 32332641 65551454 71725306 89942987 86399945 95702404 99173174 107266621 103368351 120475737 114086294 131556543 132469129 134228671 136637208 135209733 135302862 139898949 140143216 141735377 147966339 148166744 150527398 159031719 156282369 155556926 156194768 162536110 160955981 161105836 160889166 162964857 172019241 172887684 174533786 174759527 178884741 176556638 186065796 185517995 181178450 181041338 191317935 191001396 191784121 187535867 187296059 187676479 195039567 197654611 198044062 200858311 201554567 198687506 199853640 201679733 208435497 208039850 204712847 204758569 207869343 215018546 215860644 212620338 211475543 211395228 221062960 227159031 222427688 223869014 223608572 223639066 225135044 260500513 231955977 237657087
147742600
147828381
147849662 211820804
147966339 20170858 65551454 103368351 114086294 131556543 132819023 134228671 136637208 135209733 139898949 141735377 148166744 150527398 147675426 156282369 155556926 156194768 160955981 161105836 160889166 162964857 172019241 172887684 174374617 174533786 178884741 176556638 186065796 185517995 181178450 191317935 191001396 191784121 187535867 187296059 187676479 195039567 196611191 197654611 198044062 200858311 201554567 199853640 201679733 208435497 204712847 204758569 222427688 223869014 223608572 223639066 225135044 260500513 237657087
148166744 20170858 65551454 107266621 103368351 114086294 132476296 136932344 139898949 141735377 147966339 150527398 147675426 155556926 160955981 161105836 160889166 162964857 174374617 174533786 176556638 186065796 181178450 191784121 187535867 195039567 206379989 204712847 212620338 223608572 223639066
148556335
148669971
148686502
148870868
148998890
149320681
149441976
149447716
149648405
149654103 197615111
150262392
150277981
150349335
150392744
150428997
150431251 103808580 139809762
150472745
150486593
150527398 20170858 27384259 89942987 107266621 103368351 131556543 133164370 132469129 134900017 132476296 134228671 135209733 139898949 141732078 147966339 148166744 147675426 159031719 156282369 155556926 156194768 160955981 161105836 160889166 162964857 172019241 172887684 174374617 174533786 178884741 176556638 186065796 181178450 191317935 191001396 191784121 187433648 187535867 197654611 198044062 201554567 206379989 208435497 204712847 204758569 215018546 223869014 223608572 223639066 260500513 237657087
150546718
150561819 2693779 6005234 18609525 21614014 20888199 23755889 30898797 38186564 75292961 116955298 123320408 174283030 213318957 218662184 232853756
150601881
150717599
150718652 107266621 133164370 132469129 137815922 147966339 148166744 150527398 147675426 174374617 186065796
150770948
150777702 59567245
150795871
150797603
150890780 33759379
150960969
151028047
151035165 3906100 33163322 208696853 221728636
151142158 164408504 160872243
151583650 20170858 65551454 89942987 107266621 103368351 131556543 132469129 134228671 135302862 141735377 148166744 147675426 161105836 160889166 174533786 178884741 186065796 191784121 187535867 198687506 203734625 204712847 211475543 223608572 223639066 260500513
151608247 153276015
151642231
151656844
151662874
151670139
151711762
151740598 141735377
151787324
151853201
151871081
152040505
152041577 70616838
152122923 187173213
152163276
152260906
152274722
152323540 216145312
152447636 164247677 224272647
152481744
152508087
152668850
152736093
152780778
152958063 8211247
152972511
153029596 18465503
153072422
153105847
153157312
153173860 187244325
153210178 66006747 143376760
153247922
153276015 151608247
153319587
153327759
156853053
156873963
156909695
157118898
157120155
157159970
157307840
157336771
157524198
157578976
157664471
157733433 64599509 75646718
157858433
158266284
158417685
158472647
158483725
158555003
158696188 207925649
158867009 120034837 160252143 171141900
158887316
158951675
158976830
159031719 20170858 89942987 95702404 107266621 103368351 114086294 131556543 132476296 135302862 139898949 141735377 150527398 147675426 156282369 155556926 156194768 161105836 160889166 162964857 172887684 174533786 176556638 185517995 191317935 187535867 187296059 187676479 203119606 204712847 222427688 223608572 237657087
159111024
159142540
159243073
159269573
159366596 218662184
159432042
159503878
159794302 174400728 230131269
159812243
159819497
159951857
159990273
160030794
160042167
160079244
160082602
160117974
160147713
160209702
160251806
160252143 158867009 171141900
160266332 99173174 134228671 214607796 220774773
160354621
160401153
160464511
160637911
160642965 247610790
160666318
160789015
160798930
160813529
160872243 52248230 138981054 140289714 151142158
160889166 20170858 65551454 89942987 99173174 107266621 103368351 114086294 121820862 131556543 132819023 132476296 134228671 136637208 135209733 135302862 139898949 141735377 147966339 148166744 150527398 147675426 159031719 156282369 155556926 156194768 160955981 161105836 162964857 172019241 172887684 174374617 174533786 178884741 176556638 186065796 185517995 186197299 181041338 191317935 191001396 191784121 187535867 187296059 187676479 195039567 197654611 198044062 201554567 198687506 201679733 206379989 208435497 208039850 204712847 204758569 215018546 211475543 211395228 227159031 222427688 223608572 223639066 260500513 231955977 237657087
160955981 18214964 86399945 107266621 105011865 103368351 120475737 114086294 132819023 132469129 132476296 134228671 139898949 141735377 145230802 147966339 148166744 150527398 147675426 156282369 155556926 161105836 160889166 162964857 171491575 172019241 174533786 178884741 176556638 191001396 191784121 187535867 187296059 187676479 196611191 198044062 201554567 199853640 201679733 206379989 215018546 215176185 212620338 211475543 210861323 227159031 222427688 223869014 223608572 223639066 260500513 231955977 237657087
161105836 20170858 32332641 89942987 95702404 107266621 103368351 114086294 131556543 132819023 132469129 132476296 137742760 135209733 135302862 141735377 147966339 148166744 150527398 147675426 159031719 156282369 155556926 156194768 160955981 160889166 162964857 172019241 172887684 174374617 174533786 178884741 185517995 181041338 191317935 191001396 191784121 187535867 187296059 187676479 197282886 197654611 198044062 200858311 201554567 198687506 199141188 203734625 201679733 206379989 208435497 208039850 204712847 204758569 215018546 215860644 214003020 212620338 211475543 220774773 226884597 227159031 222427688 223869014 223608572 223639066 225529494 225135044 260500513 231955977 237657087
161199100
161238151
161311767
161346279
161443903
161774325
161839954
161846744
161896608
161902965 18060430
162085784 142419695
162191298 194027890 218706398
162289708
162309101
162358523 48195109
162536110 71725306 147675426 185315834 186197299
162541437
162644697
162712271 50390216 175378798
162861066
162964857 20170858 32332641 65551454 89942987 95702404 107266621 103368351 114086294 121820862 132819023 132469129 132476296 134228671 137742760 135209733 139898949 141735377 147966339 148166744 150527398 147675426 159031719 156282369 155556926 160955981 161105836 160889166 172019241 172887684 174374617 174533786 185517995 181178450 191784121 187535867 187296059 187676479 196611191 197654611 198044062 198687506 203734625 201679733 208435497 204712847 204758569 222427688 223869014 223608572 231955977
163017659
163121872
163148285
163290531 20146390 90073411 88783603
163421759
163474498
163502999 78935345 208696853
163597411 61887163 138981054
163618096
163780020
163857784
163867077
163964562
164135876 80734792
164247677 194340800 224272647
164309676 91436332
164329984
164334311 223051956
164408504 151142158
164536919 141735377 170012896
153351043 7168740 2071 5875303 20640983 68631861 63628485 145321740 172266190
153352270
153416128 18465503
153437397 25791847 187244325 215662977
153489763
153645049
153681065
153878317
153984383
154004047
154092301
154231087 187244325 218662184
154233887 54989403
154275831
154313877
154338941
154494778
154522166 194340800
154582123
154679630
155028279
155146844 27828423 75292961 107537286 110801143 147655750
155163258
155292115
155294595
155362765 17431787 176365417
155416744
155454949
155462569
155529069 75646718
155556926 20170858 107266621 132469129 132476296 134228671 136637208 135302862 139898949 141735377 147966339 148166744 150527398 147675426 159031719 156282369 156194768 160955981 161105836 160889166 162964857 172019241 172887684 174374617 178884741 176556638 181178450 191317935 191001396 191784121 187535867 187296059 197282886 198044062 200858311 203734625 201679733 206379989 208435497 204712847 204758569 223608572 225135044 260500513
155564467 200163893 213662001
155567930
155603836
155911832 46468846 99091051 125167015
155941936 218662184
155985701 213753878
156041041
156045490
156194768 20170858 27384259 32332641 65551454 89942987 91468706 95702404 107266621 103368351 116061274 114086294 121820862 131556543 132819023 132476296 134228671 137742760 136932344 135209733 139898949 141735377 147966339 150527398 147675426 159031719 156282369 155556926 161105836 160889166 174533786 178884741 176556638 181178450 191317935 191001396 191784121 187535867 187296059 195039567 197282886 197654611 198044062 208435497 204712847 204758569 214003020 212620338 211395228 222427688 223869014 231955977 237657087
156195174
156205325
156278460
156282369 20170858 27384259 32332641 65551454 89942987 95702404 107266621 103368351 114086294 131556543 132819023 132469129 132476296 134228671 137742760 135209733 135302862 139898949 141735377 147966339 150527398 147675426 159031719 155556926 156194768 160955981 161105836 160889166 162964857 172887684 174374617 174533786 178884741 176556638 186065796 185517995 181178450 191317935 191001396 191784121 187535867 187296059 195039567 197282886 198044062 200858311 198687506 201679733 208435497 204712847 204758569 211475543 220774773 222427688 223608572 223639066 225135044 260500513 231955977
156297998
156359869
156570543
156597366 194340800
156775055
156783997
164539244
164570589
164620914
164932193 122800482
164954415
165061944
165164388
165178068 89942987 116061274 132469129 136637208 145230802 160955981 214003020 210861323 222427688 225650895
165243848
165255577
165323845
165356955
165464076 20170858 65551454 89942987 95702404 107266621 103368351 114086294 131556543 132469129 135302862 141735377 159031719 156282369 161105836 160889166 174533786 185517995 191784121 187676479 195039567 197282886 200858311 198687506 223608572 231955977
165508957
165512060 110909035 174759527
165520136
165620130
165681761 147652215 218662184
165765738
165832204 65551454 89942987 107266621 103368351 114086294 131556543 132819023 132469129 134228671 136637208 141735377 148166744 147675426 156282369 161105836 160889166 174533786 186065796 191784121 187535867 187676479 195039567 197282886 203734625 208039850 211475543 226884597 227159031 222427688 223869014 223639066 225529494 225135044 231955977 237657087 239725234
165867590 89942987 103368351 114086294 131556543 132469129 147675426 156282369 161105836 160889166 186065796 223869014 223608572 223639066
165888057 20170858 27384259 65551454 89942987 95702404 107266621 103368351 114086294 131556543 134228671 135302862 148166744 147675426 159031719 156282369 160955981 161105836 160889166 162964857 165512060 174533786 186065796 185517995 191784121 187535867 187676479 197282886 198687506 203734625 227159031 223608572
165911415
166086393
166294992
166502066
166595396 135738063 196569466
166745203
166810720
166864185
166970630
166986124 187871564 194340800 220865254
166990040
167064518
167158169 120265913
167237799 111569583
167350231
167359024 93683688
167366559
167469521
167661793
167744342 82429265 139352102
167798593
167938985 206105689
168023165
168083293 187244325
168172751
168258649
168272325
168332729 71153445
177563122
177580086
177733189 59164920
177800857
177839223 38186564
177841188
177916316
177964976
178363744
178450175 234832716
178634732 68872148 81272046 174528535
178716018
178876001
178884741 20170858 89942987 103368351 114086294 131556543 132819023 132476296 136637208 139898949 141735377 147966339 150527398 147675426 156282369 155556926 156194768 160955981 161105836 160889166 172887684 174533786 176556638 181178450 181041338 184574162 191317935 191001396 191784121 187535867 195039567 197282886 197654611 198044062 200858311 198687506 199853640 206379989 208039850 204712847 204758569 215018546 211395228 221062960 218841179 226884597 222427688 223869014 223608572 223639066 260500513 237657087
179184256 133729944
179569240
179629633
179655817
179810846
180060645
180108140
180131967
180172376
180305199
180505804
180730105
180745598
180829240
180872485
181041338 134228671 147675426 161105836 160889166 178884741 185517995 191001396 191784121 197282886 222427688 223608572
181073200
181178450 20170858 89942987 103368351 132476296 134228671 137742760 136637208 135209733 139898949 141735377 147966339 148166744 150527398 147675426 156282369 155556926 156194768 162964857 172019241 172887684 178884741 186065796 186197299 191317935 191001396 187535867 197282886 197654611 198044062 200858311 201554567 199853640 204712847 204758569 215018546 215860644 211475543 226884597 222427688 223608572 260500513
181213634 110801143
181366388
181391083 180730105
181459062 86103726
181503219
181666195 183459646
181673575 116061274 120475737 145230802
181897694
182059500
182398891
182553422
182941145
182969249
183020730
183065607
183105211
183167994
183283230
168370435
168451663
168475510
168944454 214877213
169360988
169370036 195387443
169437694 103808580
169579779
169580551
169656387
169681337
169723215 114288469
169824478
169875265
170012896 164536919
170119816
170121981 68620721
170252036 138043678 137059501 145942850
170504168
170531859
170563173 133097939 177512621 225830238 234832716
170903953
170910605 218706398 227159031
171037309
171044572
171140762
171141900 120034837 160252143 158867009
171168954
171391345 204680449
171427176
171452225 187244325
171491575 86399945 107266621 105011865 135302862 160955981 172019241 210861323
171574465 135167844 177365412
171716552
172019241 32332641 65551454 89942987 107266621 105011865 110909035 132469129 139898949 147966339 150527398 147675426 155556926 160955981 161105836 160889166 162964857 171491575 174533786 181178450 187433648 187296059 198044062 201554567 201679733 208435497 204758569 223608572
172217439
172246933
172266190 2371021 7168740 8618231 5875303 10972892 18465503 20640983 24436376 38215367 68631861 83244108 139902831 153351043
172295844 132042419
172339760
172496492
172675004 64103134 110801143 113608844 120213759 194340800 215662977
172714444
172887684 20170858 27384259 32332641 107266621 103368351 131556543 132469129 132476296 134228671 137742760 135209733 139898949 141735377 141732078 147966339 150527398 147675426 159031719 156282369 155556926 161105836 160889166 162964857 174374617 174533786 178884741 176556638 186065796 185517995 181178450 191317935 191001396 191784121 187535867 187296059 187676479 197282886 197654611 198044062 198687506 199853640 201679733 208435497 208039850 204712847 204758569 215018546 212620338 226884597 222427688 223869014 223608572 223639066 225529494 260500513 231955977 237657087
172991383
173104494
173130320
173229030 141735377
173360251
173452883
173605409
173827506
173990214
174062392
174277622
174283030 23755889 147652215 150561819 187244325
174309385
174374617 20170858 107266621 132469129 132476296 137742760 135209733 139898949 147966339 148166744 150527398 156282369 155556926 161105836 160889166 162964857 172887684 174533786 186065796 187535867 187296059 187676479 198044062 201554567 201679733 206379989 208435497 204712847 223608572 223639066
174400728 159794302 230131269
174455451
174528535 143439201 178634732
174533786 20170858 32332641 65551454 107266621 103368351 114086294 131556543 132476296 134228671 137742760 136637208 135209733 135302862 139898949 141735377 147966339 148166744 150527398 147675426 159031719 156282369 156194768 160955981 161105836 160889166 162964857 172019241 172887684 174374617 178884741 176556638 186197299 191001396 191784121 187535867 187296059 187676479 197654611 198044062 201554567 198687506 201679733 208435497 208039850 204712847 215018546 214003020 211475543 227159031 222427688 223869014 223608572 223639066 260500513 237657087 239725234
174636741
174674278
174724786
174728042
174759527 20170858 86399945 105011865 134228671 147675426 165512060
174919440
174995725
175099691 187244325
175103673
175170935 71576762 87948712 133938807
175187947 212407365
175310640
175313948
175378798 50390216 162712271
175380127
175428512 72988564 75292961 110801143 185904440 183747312 208696853 213681079 215662977
175450943 111242363
175735149
175752344
175804126
175832010
175959079
176113191
176163874
176250596
176266236
176365417 155362765
176494032
176556638 20170858 65551454 95702404 105011865 103368351 114086294 131556543 132819023 132476296 136637208 135302862 147966339 148166744 150527398 147675426 159031719 156282369 155556926 156194768 160955981 160889166 172887684 174533786 178884741 191317935 191001396 187433648 187535867 187676479 197282886 197654611 198044062 201554567 198687506 206379989 208435497 208039850 204758569 215018546 215860644 221062960 226884597 227159031 223869014 223608572 223639066 225650895 237657087
176582620
176648014
176848246
176872647
177061982 241480734
177127602
177180419
177365412 171574465
177512621 170563173
183323865
183365672
183459646 181666195
183561497
183625085
183636608
183714959
183747312 19868710 59567245 75292961 110801143 124073409 175428512 187244325 194011567 218662184 247677889
183821110
184233913 29210695
184302808
184392649
184501155 35682551
184549633
184574162 178884741 191317935 197654611 204712847 218841179 223608572
184577288
184582749
184673163
184778653
184797145
184802738 28174323
184859077 18465503 21405897 58368906
184933983
184936155 226265468
184985619
185063037
185109092
185154305
185315834 132271914 162536110 185508178 196611191 204712847
185399011 115518945 214877213
185402129
185508178 20170858 185315834
185517995 107266621 103368351 114086294 132469129 135209733 139898949 141735377 147966339 147675426 159031719 156282369 161105836 160889166 162964857 172887684 186065796 181041338 191001396 187296059 187676479 197282886 198687506 203734625 208039850 204758569 215018546 226884597 222427688 223869014 223608572 225135044 260500513 231955977
185559305 52247661
185628647
185649915
185782182
185829418 124550740
185834937 201526422
185904440 175428512
186065796 32332641 107266621 134228671 135302862 139898949 141735377 147966339 148166744 150527398 147675426 156282369 160889166 172887684 174374617 185517995 181178450 187535867 187296059 187676479 198044062 200858311 198687506 199853640 208039850 204712847 204758569 215860644 223869014 223608572
186124072
186197299 71725306 105011865 132271914 162536110 160889166 174533786 181178450 191784121 198687506 226884597
186339354
186555233
186623547 193646187
186740666
186760304
186912102
187021130
191264898
191317935 103368351 132476296 135209733 141735377 147966339 150527398 147675426 159031719 156282369 155556926 156194768 161105836 160889166 172887684 178884741 176556638 181178450 184574162 191001396 191784121 187535867 187676479 197654611 198044062 200858311 198687506 204712847 215018546 223869014 223608572 237657087
191373260
191393114
191489685
191511789
191784121 20170858 65551454 95702404 107266621 103368351 114086294 131556543 132819023 132469129 132476296 136637208 135209733 141735377 147966339 148166744 150527398 147675426 156282369 155556926 156194768 160955981 161105836 160889166 162964857 172887684 174533786 178884741 186197299 181041338 191317935 191001396 187535867 187296059 187676479 197282886 197654611 198044062 198687506 203734625 208039850 204712847 204758569 215018546 211475543 226884597 222427688 223869014 223608572 223639066 225529494 260500513 231955977 237657087
191790422
191924973
191928507
191976926
191983371
192053394
192090372
192145027
192259450
192399320
192457391
192491465
192519655 146950730
192575558
192624220
192730035
192768597 213681079
192877684 160666318
192923236 134491633
193072301
193100188
193112460
193243052
193544433
193635050
193646187 186623547
193718704
193813229
193825607
193843099
193936255
193985048
194011567 183747312
194027890 162191298 218706398
194038380
194079469
194168885
194208374 42501747 64889122
194251312
194287599
194311327
194340800 8603108 17270111 11176660 18269806 21068315 25794267 62133695 72988564 84010876 96391524 91883591 117791914 110801143 122610836 130231307 134226933 135377592 139809762 154522166 156597366 164247677 172675004 166986124 190394794 187244325 197615111 200390664 200002011 208696853 213681079 215662977
194493785
194522276
194560834
194742196
194864372
194904580
194929195 134228671
195039567 20170858 103368351 133164370 132819023 132476296 136932344 147966339 148166744 147675426 156282369 156194768 160889166 178884741 187535867 197654611 200858311 201679733 208039850 204712847 204758569 212620338 223608572 225529494
195109603 201479788
195387443 169370036
195411292
195433536
195449706
195474861 96391524
195499645
195840656
195875665
196115454
196156850
196219490
196280815
196502100
196530176
196569466 166595396
196611191 58567700 107266621 133164370 132469129 136637208 135302862 147966339 160955981 162964857 185315834
196614367 71725306 107266621 116061274 160955981 210861323
196744634
196776688 21614014 23755889 30898797 147652215 150561819
196784578
196796742
196982165
197279304
197282886 107266621 103368351 114086294 132819023 135209733 139898949 141735377 156282369 155556926 156194768 161105836 172887684 178884741 176556638 185517995 181178450 181041338 191001396 191784121 197654611 198687506 201679733 208039850 204758569 215018546 226884597 227159031 223608572 225529494 260500513 231955977 237657087
197329285 201643755
197332950
197404323 122610836 190394794
197436362
197441502 199371774
197512112
197615111 149654103 194340800
197654611 107266621 114086294 132819023 136637208 135302862 141735377 147966339 150527398 147675426 156194768 161105836 160889166 162964857 172887684 174533786 178884741 176556638 181178450 184574162 191317935 191001396 191784121 187535867 195039567 197282886 198044062 200858311 198687506 208039850 204758569 215018546 212620338 221062960 218841179 226884597 222427688 223869014 223608572 225529494 260500513 237657087
197796293
197829729
197854129
197984311 38186564 187244325
198030394
198044062 20170858 65551454 103368351 133164370 132819023 132469129 132476296 137742760 135209733 139898949 141735377 147966339 150527398 147675426 156282369 155556926 156194768 160955981 161105836 160889166 162964857 172019241 172887684 174374617 174533786 178884741 176556638 186065796 181178450 191317935 191001396 191784121 187433648 187535867 187296059 197654611 198687506 201679733 204712847 204758569 215018546 223608572 260500513 237657087
198047979
198108032
198143223
198219616
187158013
187168695 217487244
187173213 152122923
187244325 10294600 8603108 2626961 16177292 11600050 14168294 12769485 18465503 19898135 21405897 21614014 20888199 22369154 23755889 33163322 46359497 53032524 53807795 49671268 59567245 67922992 66011990 75292961 86387290 84010876 96391524 118472279 110801143 112130820 121949381 122610836 133725079 137213906 135377592 135395907 138965361 140289714 153173860 153437397 154231087 171452225 168083293 175099691 174283030 183747312 194340800 197984311 200002011 210155495 215662977 212668179 218662184
187296059 20170858 32332641 65551454 89942987 95702404 107266621 103368351 121820862 131556543 132476296 134228671 137742760 139898949 141735377 147966339 147675426 159031719 156282369 155556926 156194768 160955981 161105836 160889166 162964857 172019241 172887684 174374617 174533786 186065796 185517995 191784121 187535867 187676479 198044062 201554567 198687506 199853640 203734625 201679733 203119606 208435497 204712847 204758569 211475543 223869014 223608572 223639066 225135044 260500513 237657087
187340379
187384674
187386479 63401921
187433648 110909035 150527398 172019241 176556638 198044062 215176185 210861323
187511188 107266621 103368351 114086294 132819023 132469129 136637208 135302862 147675426 161105836 174533786 191001396 200858311 204758569 223608572 223639066
187535867 20170858 27384259 32332641 65551454 89942987 95702404 107266621 103368351 114086294 131556543 132469129 132476296 134228671 137742760 135302862 139898949 141735377 147966339 148166744 150527398 147675426 159031719 156282369 155556926 156194768 160955981 161105836 160889166 162964857 172887684 174374617 174533786 178884741 176556638 186065796 181178450 191317935 191784121 187296059 187676479 195039567 197654611 198044062 198687506 199141188 201679733 203119606 206379989 208435497 204712847 204758569 222427688 223869014 223608572 225135044 260500513 237657087
187676479 20170858 107266621 103368351 114086294 131556543 132819023 132476296 135209733 141735377 147966339 147675426 159031719 160955981 161105836 160889166 162964857 172887684 174374617 174533786 176556638 186065796 185517995 191317935 191001396 191784121 187535867 187296059 201554567 198687506 201679733 206379989 208039850 215018546 222427688 223869014 223608572 223639066 260500513 231955977 237657087
187694261 199371774
187696584
187767688
187837418
187871564 116412576 166986124 220865254
187873256
187932077
187994596
188243347 20170858 65551454 89942987 95702404 107266621 103368351 114086294 121820862 131556543 132819023 132469129 134228671 141735377 148166744 150527398 147675426 159031719 161105836 160889166 174533786 178884741 186065796 185517995 191001396 191784121 187535867 187676479 197282886 197654611 201554567 198687506 203734625 208039850 222427688 223869014 223608572 225135044 231955977
188396449
188507080
188651380
188737145 133938807
188817521 20170858 32332641 65551454 89942987 95702404 107266621 103368351 114086294 131556543 132469129 132476296 134228671 135209733 141735377 150527398 147675426 159031719 156282369 155556926 160955981 161105836 160889166 162964857 174374617 174533786 186065796 185517995 191784121 187535867 187676479 197282886 198044062 198687506 201679733 203119606 208435497 204712847 204758569 222427688 223869014 223608572 260500513 237657087
188991900
189109250
189231359
189238451
189268165
189463160
189488678 78598843
189525581
189749614
190144054 203328185
190393162
190394794 122610836 133672291 194340800 197404323
190444429 99362636
190446312
190642145 217432289
190884882 11757694
191001396 20170858 65551454 107266621 103368351 131556543 132819023 135302862 141735377 147966339 150527398 147675426 156282369 155556926 156194768 160955981 161105836 160889166 172887684 174533786 178884741 176556638 185517995 181178450 181041338 191317935 191784121 187676479 197282886 197654611 198044062 200858311 201554567 198687506 203734625 204712847 204758569 215018546 215860644 211475543 211395228 221062960 226884597 227159031 222427688 223869014 223608572 225650895 225529494 231955977 237657087
191113664
191122967
191137385 133243042 204295051
191203615
191236341
191256982
191259297
205796234
205880216
206022224 107266621 103368351 114086294 131556543 132819023 156282369 161105836 185517995 223608572 223639066
206087950
206088637 138981054
206105689 167938985
206139434
206224492 209666554
206379989 20170858 107266621 131556543 148166744 150527398 155556926 160955981 161105836 160889166 174374617 178884741 176556638 187535867 187676479 204712847 223869014 223639066
206501488
206580976
206621071
206984254
207001885
207083861
207191634
207196801 65551454 95702404 107266621 103368351 114086294 121820862 131556543 135302862 141735377 147675426 160955981 161105836 174533786 186065796 185517995 191784121 187676479 197282886 197654611 200858311 198687506 212620338 221062960 227159031 222427688 223869014 223608572 223639066
207317247
207339662
207556880
207578425
207608581 107266621 103368351 131556543 132819023 147675426 161105836 174533786 185517995 191784121 197654611 203734625 214605558 212620338 223869014 223608572 225529494
207644933
207725512 6005234 51103195
207764134 134731711
207779791 14168294
207869343 147675426
207925649 158696188
208039850 103368351 114086294 141735377 147675426 161105836 160889166 172887684 174533786 178884741 176556638 186065796 185517995 191784121 187676479 195039567 197282886 197654611 200858311 198687506 215018546 215860644 212620338 211475543 226884597 222427688 223869014 225529494 260500513 237657087
208227853
208243132
208352351
208435497 20170858 65551454 107266621 103368351 132476296 137742760 135209733 139898949 141732078 147966339 150527398 147675426 156282369 155556926 156194768 161105836 160889166 162964857 172019241 172887684 174374617 174533786 176556638 187535867 187296059 201679733 204712847 204758569 223608572
208570272
208696853 6005234 8259391 10528589 14168294 19898135 21628874 38186564 35682551 47123798 67269141 75292961 96391524 110801143 111871659 131964026 140289714 151035165 163502999 175428512 194340800 221728636 218662184 247677889
208763051
208769917
209039071
209109132 207869343
209298626
209556461 107266621 103368351 114086294 131556543 132819023 132469129 136637208 135302862 148166744 147675426 156282369 174533786 186065796 185517995 191001396 191784121 187676479 195039567 197654611 198687506 203734625 212620338 211395228 226884597 227159031 223608572 223639066 225529494 225135044
209666554 206224492
209675824
209866672
210155495 187244325
210213123
210230501 213487702
210271992
210323439
210474011 139902831
210725677
210732374
210823419
210860566
210861323 86399945 105011865 110909035 120475737 160955981 171491575 187433648
210897313
211307565
211314815
211376355 147742600
211395228 141735377 147675426 156194768 160889166 178884741 191001396 201554567 215018546 226884597 222427688
211475543 89942987 103368351 131556543 132819023 134228671 135302862 141735377 147675426 156282369 160955981 161105836 160889166 174533786 181178450 191001396 191784121 187296059 201679733 208039850 204712847 204758569 215860644 212620338 226884597 222427688 223869014 223608572 223639066 237657087
211611382
211663007
211676355
211765520
211806446 40501258
211820804 147849662
211878471
212242384
212374615
212381511
212398668
212407365 175187947
212496065
212668179 187244325
212946538
212620338 20170858 32332641 65551454 71725306 89942987 107266621 103368351 114086294 131556543 132819023 132469129 132476296 137742760 148166744 147675426 156194768 160955981 161105836 172887684 195039567 197654611 200858311 208039850 211475543
213059270
213090267
213238182 62501629 134228671
213254247 81923799
213286677
213318957 150561819
213333872
213454571
213487702 210230501
213624580
213626744
213662001 155564467 200163893
213681079 35301457 61139590 63225593 115195166 116921413 134228671 143439201 175428512 192768597 194340800 200002011
213736369 57598471 96391524 91643406
213753878 155985701
213802312 200597560
213988522
214003020 107266621 103368351 131556543 132819023 141735377 156194768 161105836 174533786 198687506 203734625 204712847 225650895
214014763 136207170
214184112
214281641
214310113
214340906 136207170
198312444
198320099
198375655
198687506 103368351 131556543 132819023 136637208 135302862 141735377 147675426 156282369 161105836 160889166 162964857 172887684 174533786 178884741 176556638 186065796 185517995 186197299 191317935 191001396 191784121 187535867 187296059 187676479 197282886 197654611 198044062 200858311 203734625 203119606 208039850 204712847 204758569 215018546 215860644 214003020 226884597 227159031 222427688 223869014 223608572 225529494 225135044 260500513 231955977 237657087 239725234
198713874
198769463
198982361
199026957 230094974
199039578
199141188 103368351 132819023 161105836 187535867 201679733 222427688 223608572
199198864
199261110
199286124
199371774 187694261 197441502
199393757
199471784
199582349
199689107
199839421 218919109
199853640 103368351 131556543 132469129 134228671 147966339 147675426 160955981 172887684 178884741 186065796 181178450 187296059 200858311 204712847 204758569 215860644 222427688
199857850
199909240
199922423
199923693
200002011 187244325 194340800 213681079 232853756
200078437
200140735
200163893 155564467 213662001
200225692
200249975 48080810 124500516
200275961
200346536
200390664 136605729 139768233 194340800
200532872
200579865
200597560 213802312
200697311
200749895 136746928
200787979
200858311 103368351 132819023 132476296 135209733 135302862 141735377 147966339 147675426 156282369 155556926 161105836 178884741 186065796 181178450 191317935 191001396 195039567 197654611 198687506 199853640 208039850 204712847 204758569 215860644 212620338 221062960 222427688 223869014 223608572 237657087
201167867
201184205
201197532
201376481
201460733 104663557
201479788 195109603
201495363
201526422 185834937
201554567 107266621 103368351 114086294 131556543 132819023 136637208 135209733 147966339 150527398 147675426 160955981 161105836 160889166 172019241 174374617 174533786 176556638 181178450 191001396 187296059 187676479 201679733 211395228 222427688 223608572 223639066 260500513
201643755 197329285
201679733 20170858 32332641 89942987 107266621 103368351 132819023 132469129 132476296 134228671 136637208 139898949 147966339 147675426 156282369 155556926 160955981 161105836 160889166 162964857 172019241 172887684 174374617 174533786 187535867 187296059 187676479 195039567 197282886 198044062 201554567 199141188 208435497 211475543 226884597 222427688 223869014 223608572 223639066 260500513 237657087
201767730
201980867
202128003
202133787
202182394
202220290 190642145
202342226
202391647
202477341
202491532
202611310
202633178
202633347
202807752
202973994
203119606 20170858 27384259 32332641 141735377 159031719 187535867 187296059 198687506 204712847 223608572 237657087
203328185 18465503 190144054
203329866
203590771
203605033
203734625 89942987 107266621 135302862 141735377 155556926 161105836 162964857 185517995 191001396 191784121 187296059 198687506 214003020 227159031 223608572 225529494 225135044 237657087
203890630 135369143
203957182
204269249
204295051 69288213 131964026 191137385
204301134
204319385
204511667
204660134 86399945 210861323
204679066
204680449 171391345
204712847 20170858 32332641 65551454 89942987 91468706 107266621 103368351 131556543 132819023 132469129 132476296 135209733 135302862 139898949 141735377 147966339 148166744 150527398 147675426 159031719 156282369 155556926 156194768 161105836 160889166 162964857 172887684 174374617 174533786 178884741 186065796 185315834 181178450 184574162 191317935 191001396 191784121 187535867 187296059 195039567 198044062 200858311 198687506 199853640 203119606 206379989 208435497 204758569 214003020 211475543 223869014 223608572 223639066 260500513
204758569 65551454 91468706 95702404 107266621 103368351 121820862 131556543 132819023 132476296 135209733 139898949 141735377 147966339 150527398 147675426 156282369 155556926 156194768 161105836 160889166 162964857 172019241 172887684 178884741 176556638 186065796 185517995 181178450 191001396 191784121 187535867 187296059 195039567 197282886 197654611 198044062 200858311 198687506 199853640 208435497 204712847 215018546 215860644 211475543 226884597 227159031 222427688 223869014 223608572 225529494 237657087
204815181
204816929
204896062
204905702
204907224
204976449
205006164
205024866
205086334
205118537
205318943
205475118
205489425
205490628
205548817
205736568
217706827 23755889 216866836
217717155
217743660
217874177
217883718 147675426 222427688
217917962
218157206
218258242
218260778
218348735
218460424
218464585
218542383
218627980
218662184 10294600 8603108 8849705 11600050 14168294 23755889 25791847 33163322 32540277 44125368 53032524 54881256 51970346 51372842 66135009 72988564 75292961 90073411 95427522 101132260 116955298 115518945 110801143 124073409 137213906 140340080 140289714 150561819 154231087 159366596 155941936 165681761 183747312 187244325 208696853 215662977 247677889
218706398 162191298 170910605 194027890
218819067
218841179 141735377 178884741 184574162 197654611
218879984
218918927
218919109 199839421
219277918
219308274
219319900
219393769
219419233
219757439 145230802
219804191
219824305
220104537
220149449
220307250 74370447
220412726
220602512
220774773 20170858 99173174 102035770 134228671 160266332 156282369 161105836 214607796
220865254 166986124
220993277
221062960 132819023 135209733 141735377 147675426 178884741 176556638 191001396 197654611 200858311 215018546 222427688
221133446
221272865
221350638
221432843
221573114
221697374
221728636 18060430 21265890 33163322 96391524 117761608 151035165 208696853
221868964 107266621 103368351 132476296 136637208 141735377 148166744 147675426 156282369 161105836 160889166 174533786 186065796 185517995 191001396 191784121 187535867 187676479 195039567 198687506 203734625 225135044
221871744
222041179 113608844
222042275
222204740
226364778
226398036
226433794
226474300
226500431 110909035 171491575 210861323
226831704
226862865
226884597 103368351 132476296 139898949 141735377 161105836 172887684 178884741 176556638 185517995 186197299 181178450 191001396 191784121 197282886 197654611 198687506 201679733 208039850 204758569 215018546 211475543 211395228 227159031 222427688 223869014 223608572 225529494 260500513 237657087
227159031 20170858 107266621 103368351 132476296 135209733 147675426 160955981 161105836 160889166 170910605 174533786 176556638 191001396 197282886 198687506 203734625 204758569 215860644 226884597 223639066 225650895 225529494 231955977
227296448
227526539
227559079
227617114
227685657
227780382 224409431
228096600
228909536
229064418
229146107
229599183
229748567
230094974 199026957
230131269 159794302 174400728
230515121
230613128 21068315
230754578
230769158
231425134 171141900
231807380 20146390 88783603
231819604 131995289
231949942
231955977 20170858 107266621 103368351 114086294 131556543 132819023 132476296 141735377 147675426 156282369 156194768 160955981 161105836 160889166 162964857 172887684 185517995 191001396 191784121 187676479 197282886 198687506 227159031 222427688 223869014 223608572 223639066 225529494 237657087
232460202
232853756 10528589 23755889 28061250 34186885 110801143 150561819 200002011 216866836
233065763
233480977
233542630
233771314
234475248
234676472
234832716 133097939 170563173 178450175
235127075
235252585 20170858 107266621 132469129 132476296 135209733 135302862 141735377 147966339 150527398 147675426 155556926 160955981 161105836 160889166 162964857 172019241 172887684 174533786 178884741 186065796 185517995 184574162 191001396 191784121 187535867 187296059 187676479 197654611 198044062 201554567 198687506 203734625 201679733 208435497 204712847 204758569 215018546 227159031 223869014 223608572 223639066 260500513 237657087
235838631 116797787
235856792 136207170
235858213
235885152
236347013
236473040
237657087 20170858 107266621 103368351 114086294 131556543 132476296 141735377 147966339 150527398 147675426 159031719 156194768 160955981 161105836 160889166 172887684 174533786 178884741 176556638 191317935 191001396 191784121 187535867 187296059 187676479 197282886 197654611 198044062 200858311 198687506 203734625 201679733 203119606 208039850 204758569 215018546 211475543 226884597 222427688 223869014 223608572 223639066 260500513 231955977
214605558
214607796 99173174 134228671 160266332 220774773
214740674
214741227
214824987
214877213 168944454 185399011 216145312
214907074
214910096
215018546 136637208 141735377 150527398 147675426 160955981 161105836 160889166 172887684 174533786 178884741 176556638 185517995 181178450 191317935 191001396 191784121 187676479 197282886 197654611 198044062 198687506 208039850 204758569 211395228 221062960 226884597 222427688 223869014 223608572 225529494 260500513 237657087
215021209
215112515 89942987 107266621 103368351 132469129 134228671 136637208 135209733 141735377 150527398 147675426 160266332 156282369 155556926 161105836 160889166 172019241 172887684 174374617 174533786 178884741 185517995 181041338 191784121 187535867 187296059 187676479 195039567 197654611 201554567 198687506 203734625 201679733 208435497 204712847 204758569 211475543 226884597 222427688 223869014 223608572 223639066 225135044 260500513 237657087
215123613
215176185 86399945 110909035 160955981 187433648 226283607
215192342 14168294
215206341
215488155
215574088
215662977 9249893 8603108 2626961 5364661 14168294 23755889 23200493 33163322 38186564 34186885 59567245 81703944 75292961 86595987 110801143 113271620 137213906 135377592 140289714 153437397 172675004 175428512 187244325 194340800 218662184
215680217
215689603
215732292
215761315
215860644 134228671 147675426 161105836 176556638 186065796 181178450 191001396 200858311 198687506 199853640 208039850 204758569 211475543 227159031
215895013
215962303
216029611
216091410
216105111
216145312 152323540 214877213
216338499
216379448
216390322
216460615
216483527
216628095
216728388
216779443
216866836 23755889 140289714 217706827 222712649 268362324 232853756
216918259
216946922
216983442
217159214
217168376 95725664
217176069
217178250
217216640
217216737
217414429
217432289 190642145
217487244
222427688 20170858 95702404 107266621 103368351 114086294 121820862 131556543 132819023 132476296 136637208 141735377 147966339 147675426 159031719 156282369 156194768 160955981 161105836 160889166 162964857 172887684 174533786 178884741 185517995 181178450 181041338 191001396 191784121 187535867 187676479 197654611 200858311 201554567 198687506 199853640 199141188 201679733 208039850 204758569 215018546 211475543 211395228 221062960 226884597 223869014 223608572 223639066 260500513 231955977 237657087 239725234
222484117
222533122
222695000 81695221
222697865
222712649 35249487 54881256 216866836
222769450
222790622
222790875
222982623
223051956 164334311
223095212
223208301
223258599
223434869 35682551 133245941
223458375 121712305 139902831
223540505
223608572 27384259 65551454 95702404 107266621 103368351 114086294 131556543 137742760 135209733 141735377 147966339 148166744 150527398 147675426 159031719 156282369 155556926 160955981 161105836 160889166 162964857 172019241 172887684 174374617 174533786 178884741 176556638 186065796 185517995 181178450 181041338 184574162 191317935 191001396 191784121 187535867 187296059 187676479 195039567 197282886 197654611 198044062 200858311 201554567 198687506 199141188 203734625 201679733 203119606 208435497 204712847 204758569 215018546 211475543 226884597 222427688 223869014 223639066 225650895 225529494 225135044 260500513 231955977 237657087
223639066 65551454 107266621 103368351 114086294 132476296 134228671 135209733 147966339 148166744 150527398 147675426 156282369 160955981 161105836 160889166 172887684 174374617 174533786 178884741 176556638 191784121 187296059 187676479 201554567 201679733 206379989 204712847 211475543 227159031 222427688 223869014 223608572 231955977 237657087
223658772
223771912
223790920
223864476
223869014 20170858 107266621 103368351 114086294 131556543 132819023 132476296 134228671 135302862 141735377 147966339 150527398 147675426 156194768 160955981 161105836 162964857 172887684 174533786 178884741 176556638 186065796 185517995 191317935 191001396 191784121 187535867 187296059 187676479 197654611 200858311 198687506 201679733 206379989 208039850 204712847 204758569 215018546 211475543 226884597 222427688 223608572 223639066 225529494 260500513 231955977 237657087
223876583
223905933
223915132
223976124
224150642
224272647 164247677
224409431
224529676
224728356
224824505
224880387
224967332
225076441
225101949
225135044 89942987 107266621 135209733 141735377 147966339 147675426 156282369 155556926 161105836 185517995 187535867 187296059 198687506 203734625 223608572 225650895
225206216
225242079
225386781 205318943
225529494 20170858 89942987 103368351 131556543 132476296 136637208 161105836 172887684 191001396 191784121 195039567 197282886 197654611 198687506 203734625 208039850 204758569 215018546 226884597 227159031 223869014 223608572 225650895 231955977
225650895 176556638 191001396 214003020 227159031 223608572 225529494 225135044
225830238 170563173
225909629
226015051
226180972
226265468 184936155
226283607 105011865 215176185
238718883
239725234 174533786 198687506 222427688
240141506
240968029
241087231
241480734 177061982
242766832
243132807
243455548
244719404
244765605
245744257 18675330
245780428
246616315 135377592
246791092
247610790 160642965
247677889 8603108 14168294 38186564 110801143 183747312 208696853 218662184
248708755
248985808
249158299
250109452
250142636
250807359
251002309
251199876
252460209
256769282
259557217
259713231
260500513 107266621 103368351 132469129 132476296 141735377 147966339 150527398 147675426 156282369 155556926 160955981 161105836 160889166 172887684 174533786 178884741 185517995 181178450 191784121 187535867 187296059 187676479 197282886 197654611 198044062 201554567 198687506 201679733 208039850 204712847 215018546 226884597 222427688 223869014 223608572 280441514 237657087
263779103
267077006
268362324 216866836
268419450
268988759
270776441
271157981
273554959
275637050
275727790
276936322
278454932
278535227
279126021
279802121
280441514 260500513
284166229
284578789
285807366
