10135174 3166747 22781525 16574432 20474086 92580714 82459969 50773026 71352208 60028379 97802369 54924974 94337025 57345517 145192054 138251067 161599060 131941285 134646052 156379281 208826119 182313134 223391908 264390032 176680349 182396509 11231658 9936670 8963702 9277330 11057232 12093835 8860329 12267815 10230534 15985892 16118799 13460091 8153886 7055611 12792224 16072154 8002382 13614674 14567960 8372947 15678636 2836415 14951972 8356717 8389403 15227679 4387449 6934565 13813133 4765761 7667668 17009354 17409108 31640340 21302395 46318037 16866231 27550949 31064945 22190576 28428478 42097610 22904699 49700830 17103474 32643177 19685497 33637931 29436998 18621187 31579665 21775977 48357587 21839975 43247694 30539006 38912692 18525118 42121125 50740293 17480353 28769351 45748695 25628459 18511760 41124227 23253209 30306787 18942475 31253178 19582789 20139657 101708102 115154147 62548794 124345597 77809072 59787583 94068901 61409832 57372393 80713250 101419621 86646790 99250531 86123414 54156772 90675890 92169389 151538740 138969512 135624038 173632421 169471297 274472396 12200486 10778316 9954498 10167736 11159076 9570637 9919328 13993570 15635432 13490461 15575118 1531819 7116602 7391763 12931763 7389914 20032672 133010374 191617448
29436998 3166747 21702884 22781525 71352208 86751054 138251067 131941285 208826119 223391908 11231658 9936670 8963702 12133780 11057232 12093835 10135174 12267815 12792224 8372947 15028317 17009354 17409108 17666167 28428478 19675996 17321415 25612287 23271223 24530372 28769351 41124227 18942475 61409832 99250531 91893014 92169389 9919328 20032672
32643177 10135174 16072154 13813133 4765761 20833640 10167736
56620664 7182814 8153886 4387449 32267815
57155858 20474086 56083871 150434563 139312178 267952962 176680349 22435290 31579665 22565017 44540517 77809072 63709012 89661393 94068901 86123414 133150173 163790932 154243484
80713250 92580714 71352208 94337025 134646052 137705456 156379281 10135174 27550949 31064945 25628459 31253178 85367918 101593507 55186041 133010374
86123414 20474086 56083871 150434563 139312178 267952962 176680349 10135174 22435290 31579665 22565017 44540517 77809072 63709012 89661393 94068901 57155858 133150173 163790932 13490461
86646790 82459969 138251067 131941285 223391908 10135174 17009354 17409108 49700830 25612287 33637931 21775977 45748695 23253209 62548794 56607262 99250531 90675890 135624038 20032672
89295518 182396509 11231658
89661393 20474086 56083871 150434563 139312178 267952962 176680349 22435290 31579665 22565017 44540517 77809072 63709012 94068901 57155858 86123414 133150173 163790932 154243484
91893014 3166747 21702884 22781525 86751054 11231658 11057232 12093835 10230534 8372947 15028317 17009354 17409108 28428478 22904699 17321415 17103474 19685497 24530372 21083918 29436998 17041996 28769351 18942475 105018497 92169389 151538740
92169389 21702884 22781525 82459969 71352208 53369972 86751054 11231658 8963702 12133780 11057232 12093835 10135174 8372947 15028317 17009354 17666167 31064945 28428478 22904699 17321415 17103474 24530372 29436998 21775977 42121125 28769351 41124227 30306787 18942475 62548794 105018497 91893014
92580714 71352208 56083871 134646052 137705456 156379281 215672280 264390032 11343181 10135174 17409108 27550949 31064945 33637931 25628459 18942475 31253178 115154147 124345597 94068901 80713250 55186041 20032672 133010374
93184354 22781525 106072881 71352208 145192054 26344228 23271223 21083918 18621187 23112560 18942475 110091507 51408116 99250531 138969512 172950582 198251840 13490461 20032672
94068901 22781525 20474086 92580714 71352208 56083871 150434563 139312178 264390032 176680349 11231658 10135174 17883391 31064945 23271223 22435290 31579665 22565017 44540517 28769351 41124227 77809072 63709012 89661393 51408116 57155858 55186041 86123414 133150173 163790932 154243484 20032672
94337025 92580714 71352208 137705456 156379281 215672280 264390032 12093835 10135174 27550949 31064945 25628459 18942475 31253178 115154147 124345597 80713250 101593507 55186041 165162054 133010374
99250531 82459969 71352208 264390032 12093835 10135174 8153886 17409108 31064945 49700830 25612287 23271223 33637931 29436998 21775977 48357587 38912692 50740293 49230381 25628459 18511760 23253209 18942475 62548794 93184354 56607262 61409832 86646790 51408116 90675890 135624038 10435710 20032672
101419621 16574432 150687644 182313134 9284662 10135174 13221689 15227679 6934565 46318037 16866231 22190576 22167202 18525118 18877998 57372393 151538740 15635432 19343135
101593507 94337025 131941285 137705456 156379281 215672280 264390032 27550949 31064945 25628459 31253178 115154147 80713250 55186041 165162054 133010374
101708102 10135174 8002382 48357587 11159076
105018497 3166747 22781525 71352208 53369972 86751054 11231658 12133780 11343181 11057232 12093835 8372947 17009354 28428478 17321415 33637931 25217920 28769351 41124227 51408116 91893014 92169389
115154147 92580714 71352208 94337025 137705456 156379281 215672280 10135174 27550949 31064945 25628459 31253178 124345597 101593507 55186041 133010374
124345597 92580714 71352208 94337025 134646052 137705456 156379281 215672280 264390032 10135174 27550949 31064945 25628459 18942475 31253178 115154147 55186041 165162054 133010374
131941285 21702884 22781525 82459969 71352208 10135174 17409108 49700830 25612287 29436998 21775977 50740293 49230381 45748695 23253209 62548794 56607262 61409832 86646790 101593507 90675890 135624038 169471297 274472396 9570637 15213188 20032672
133010374 92580714 71352208 94337025 137705456 156379281 215672280 10135174 27550949 31064945 25628459 18942475 31253178 115154147 124345597 85367918 80713250 101593507 55186041 165162054
133150173 20474086 56083871 150434563 139312178 176680349 22435290 19771937 31579665 16537073 62548794 77809072 63709012 89661393 94068901 51408116 57155858 86123414 163790932
135624038 82459969 71352208 127833723 131941285 11231658 10135174 17409108 49700830 25612287 48357587 38912692 50740293 49230381 45748695 23253209 18942475 62548794 56607262 61409832 86646790 99250531 9919328 15213188 20032672
137705456 92580714 94337025 134646052 156379281 215672280 27550949 31064945 25628459 18942475 31253178 115154147 124345597 85367918 80713250 101593507 55186041 133010374
138251067 10135174 29436998 18942475 86646790
138969512 106072881 145192054 10135174 17883391 26344228 23271223 21083918 18621187 23112560 93184354 110091507 51408116 13490461
139312178 56083871 150434563 267952962 176680349 27550949 22435290 31579665 22565017 44540517 77809072 63709012 89661393 94068901 57155858 86123414 133150173 163790932 154243484
145192054 106072881 71352208 10135174 17883391 26344228 23271223 21083918 49230381 23112560 93184354 110091507 51408116 138969512 13490461
150434563 20474086 56083871 139312178 267952962 176680349 22435290 31579665 22565017 44540517 18942475 77809072 63709012 89661393 94068901 57155858 86123414 133150173 163790932 154243484 13490461
154243484 150434563 139312178 267952962 176680349 31579665 18942475 77809072 63709012 89661393 94068901 57155858
161599060 10135174
162517402 182396509 48357587 19582789
163790932 20474086 56083871 150434563 139312178 176680349 19771937 31579665 22565017 18942475 77809072 63709012 89661393 94068901 57155858 86123414 133150173
165162054 71352208 94337025 156379281 215672280 27550949 124345597 101593507 133010374
165554555 49700830 62548794 20032672
166587703 8860329 10230534 16365755 12498655 2836415 8389403 15977953 7667668 35383733 67777737 12200486 9954498 15052302 1531819
169471297 3166747 131941285 12247974 10135174 2836415 5731841 42097610 18942475 11159076
172950582 17883391 93184354 51408116
173632421 7182814 71352208 11231658 12247974 10135174 12267815 10230534 15985892 17666167 19675996 16537073 25628459 10778316 20032672
182396509 10135174 48357587 89295518 162517402 1531819
191617448 9277330 10135174 8356717
198251840 19489934 93184354
223391908 3166747 22781525 71352208 264390032 11057232 10135174 8153886 17409108 28428478 29436998 28769351 41124227 18942475 86646790
225058660 67465327 17409108 18942475 87875878
264390032 22781525 92580714 94337025 156379281 223391908 10135174 17409108 27550949 124345597 94068901 101593507 99250531 90675890
267952962 150434563 139312178 176680349 22435290 31579665 22565017 44540517 63709012 89661393 57155858 86123414 154243484
281502215 11231658 10135174
12464208 8860329 15985892 16537073 23246632 20139657 9954498 9570637 12931763
12498655 71352208 10906539 8860329 2836415 8389403 7667668 35383733 67777737 166587703 12200486 9954498 8693204 15575118 15052302 1531819 7389914
12792224 7182814 8860329 10135174 12267815 15985892 16118799 15678636 15028317 19489934 31977219 29436998 16537073 23246632 19582789 10778316 9954498 9570637 13993570 15575118 12931763
12931763 8860329 10135174 15985892 16118799 12792224 15678636 12464208 31977219 16537073 23246632 28769351 23253209 18942475 151538740 9954498 13993570 15575118
13221689 16574432 50773026 71352208 57345517 150687644 182313134 9284662 12093835 13460091 14951972 15227679 6934565 16866231 22190576 19685497 22167202 17041996 21839975 18525118 18877998 20139657 59787583 57372393 101419621 151538740 15635432 19343135
13276671 16072154 2836415 5257313 48357587 20833640 10167736
13460091 71352208 150687644 9284662 12133780 10135174 13221689 15227679 22190576 18942475 151538740
13490461 106072881 71352208 145192054 150434563 10135174 17883391 17409108 26344228 23271223 21083918 18621187 23112560 18942475 93184354 110091507 51408116 86123414 138969512 20032672
13614674 10135174
13813133 10135174 4765761 32643177
13993570 8860329 10135174 15985892 16118799 12792224 15678636 31977219 23246632 10778316 9570637 12931763
14567960 10135174 9640110 17409108 43247694 9570637 7389914
14951972 16574432 71352208 57345517 12093835 10135174 10230534 13221689 8389403 15227679 6934565 7667668 21302395 46318037 16866231 22190576 22167202 48357587 17041996 18525118 59787583 57372393 151538740 11159076 15635432 19343135
15028317 21702884 22781525 86751054 11231658 8963702 12093835 12792224 8372947 17009354 17666167 28428478 17321415 21083918 29436998 28769351 41124227 18942475 91893014 92169389 20032672
15052302 71352208 8860329 16365755 12498655 2836415 8389403 15977953 7667668 35383733 67777737 166587703 12200486 1531819
15213188 131941285 17009354 17409108 49700830 33637931 21775977 38912692 50740293 49230381 18511760 23253209 62548794 56607262 61409832 135624038 20032672
15227679 57345517 150687644 11231658 12093835 10135174 13460091 13221689 14951972 6934565 46318037 16866231 22190576 48357587 17041996 18525118 49230381 18877998 59787583 101419621 11159076 15635432 19343135
15575118 10135174 12498655 12792224 31640340 31977219 9954498 12931763
15635432 16574432 57345517 150687644 182313134 9284662 10135174 13221689 14951972 15227679 6934565 46318037 16866231 22190576 22167202 21839975 18525118 18877998 20139657 59787583 57372393 101419621 151538740 19343135 20032672
15678636 8860329 10135174 15985892 16118799 12792224 31977219 16537073 23246632 67777737 10778316 9954498 9570637 9919328 13993570 1531819 12931763 20032672
15977953 71352208 8860329 16365755 2836415 8389403 7667668 67777737 166587703 12200486 8693204 15052302 1531819
15985892 9277330 10135174 12792224 15678636 12464208 31977219 16537073 23246632 173632421 9954498 9570637 13993570 12931763
16072154 10135174 2109978 5257313 17409108 32643177 48357587 9919328 13276671
16118799 8860329 10135174 12792224 15678636 31977219 9954498 9570637 13993570 12931763
16365755 8860329 2836415 15977953 151538740 166587703 8693204 15052302 1531819
16537073 97802369 54924974 8860329 15985892 8153886 12792224 15678636 12464208 17009354 31977219 23246632 28769351 18942475 77809072 90675890 133150173 173632421 9919328 12931763
16574432 50773026 71352208 57345517 127833723 182313134 11343181 10135174 13221689 14951972 6934565 16866231 22190576 19685497 21083918 22167202 17041996 21839975 18525118 18877998 18942475 20139657 59787583 57372393 101419621 151538740 15635432 19343135
16866231 16574432 50773026 57345517 150687644 182313134 9284662 11343181 12093835 10135174 13221689 14951972 15227679 6934565 22190576 19685497 22167202 17041996 21839975 18525118 18877998 18942475 20139657 59787583 57372393 101419621 151538740 11159076 15635432 19343135
17009354 3166747 21702884 22781525 53369972 86751054 11231658 8963702 12133780 11343181 11057232 12093835 10135174 8372947 15028317 17409108 17666167 28428478 22904699 17321415 17103474 24530372 21083918 29436998 18621187 16537073 42121125 20784792 25217920 28769351 41124227 18942475 105018497 86646790 91893014 92169389 15213188 20032672
17041996 16574432 150687644 12247974 12093835 13221689 14951972 15227679 16866231 22190576 49700830 33637931 21083918 38912692 23253209 18877998 18942475 57372393 91893014 19343135 20032672
17103474 3166747 22781525 53369972 86751054 11231658 8963702 12133780 12093835 10135174 8372947 17009354 28428478 17321415 24530372 49230381 28769351 18942475 61409832 91893014 92169389
17321415 3166747 21702884 22781525 53369972 86751054 11231658 8963702 12133780 11057232 8372947 15028317 17009354 17666167 28428478 22904699 49700830 17103474 24530372 21083918 29436998 42121125 28769351 41124227 30306787 105018497 91893014 92169389
17409108 3166747 22781525 92580714 82459969 71352208 60028379 131941285 225058660 223391908 264390032 11231658 11343181 10135174 8153886 16072154 14567960 8372947 6934565 17009354 19675996 49700830 25612287 23271223 33637931 29436998 31579665 21775977 48357587 38912692 44540517 50740293 49230381 28769351 45748695 18511760 23253209 18942475 62548794 77809072 56607262 61409832 86646790 51408116 99250531 91893014 90675890 135624038 274472396 10435710 9919328 15213188 13490461 20032672
17480353 10135174 48357587 7116602
17666167 22781525 71352208 86751054 11231658 12133780 8372947 15028317 17009354 28428478 17321415 29436998 42121125 28769351 92169389 173632421
17883391 106072881 145192054 11231658 26344228 25612287 23271223 21083918 18621187 23112560 18942475 93184354 94068901 110091507 51408116 138969512 172950582 13490461 20032672
18511760 10135174 17409108 49700830 33637931 38912692 23253209 62548794 56607262 99250531 90675890 10435710 15213188 20032672
18525118 16574432 50773026 57345517 150687644 182313134 9284662 12093835 10135174 13221689 14951972 15227679 6934565 16866231 22190576 19685497 22167202 21839975 18877998 20139657 59787583 57372393 101419621 151538740 15635432 19343135
18621187 71352208 10135174 17883391 17009354 26344228 23271223 21083918 23112560 18942475 93184354 110091507 138969512 13490461
18877998 16574432 57345517 127833723 182313134 9284662 12093835 13221689 15227679 6934565 16866231 22190576 19685497 22167202 17041996 21839975 18525118 23253209 18942475 20139657 59787583 57372393 101419621 151538740 15635432 19343135
18942475 7182814 3166747 22781525 16574432 20474086 92580714 82459969 67465327 50773026 71352208 60028379 56083871 94337025 86751054 57345517 138251067 150434563 134646052 137705456 156379281 225058660 208826119 223391908 11231658 12133780 11343181 11057232 12093835 10135174 13460091 8372947 6934565 4765761 15028317 17883391 17009354 17409108 21302395 16866231 31064945 28428478 22904699 49700830 17103474 23271223 29436998 18621187 31579665 21775977 17041996 16537073 44540517 42121125 50740293 49230381 28769351 45748695 23112560 41124227 23253209 18877998 31253178 19582789 124345597 93184354 89123004 77809072 63709012 59787583 56607262 87875878 61409832 51408116 99250531 91893014 55186041 90675890 92169389 151538740 135624038 163790932 154243484 169471297 9570637 9919328 13490461 12931763 20032672 133010374
19343135 16574432 50773026 57345517 150687644 182313134 9284662 13221689 14951972 15227679 6934565 16866231 22190576 19685497 22167202 17041996 21839975 18525118 18877998 20139657 59787583 57372393 101419621 151538740 15635432
19489934 71352208 10906539 8860329 12792224 19582789 198251840
19582789 71352208 86751054 10135174 12792224 8002382 7667668 8371216 19489934 31977219 28428478 48357587 30539006 28769351 18942475 54156772 162517402 11159076
19675996 7182814 208826119 11231658 9936670 12247974 12267815 8153886 4387449 17409108 29436998 28769351 173632421
19685497 3166747 16574432 50773026 182313134 11231658 10135174 13221689 6934565 16866231 22167202 21839975 18525118 18877998 18942475 57372393 91893014 151538740 19343135
19771937 77809072 63709012 133150173 163790932
20032672 22781525 92580714 82459969 71352208 60028379 131941285 11231658 10135174 15678636 6934565 15028317 17883391 17009354 17409108 49700830 25612287 23271223 33637931 29436998 21775977 48357587 17041996 38912692 50740293 49230381 18511760 23253209 18942475 62548794 93184354 77809072 56607262 94068901 61409832 86646790 99250531 90675890 165554555 135624038 173632421 10778316 10435710 9919328 15213188 15635432 13490461
20139657 16574432 150687644 182313134 10135174 13221689 6934565 12464208 16866231 22167202 18525118 18877998 59787583 57372393 151538740 15635432 19343135
20474086 56083871 150434563 176680349 10135174 31579665 22565017 18942475 77809072 63709012 89661393 94068901 57155858 86123414 133150173 163790932
1531819 71352208 182396509 10906539 8860329 10135174 16365755 12498655 15678636 2836415 8389403 15977953 7667668 35383733 48357587 166587703 12200486 8693204 15052302
2109978 8860329 16072154 5257313
2218900 8153454 35383733
2836415 71352208 10135174 16365755 12498655 8002382 8389403 15977953 7667668 35383733 48357587 20833640 67777737 166587703 169471297 12200486 10167736 11159076 8693204 13276671 15052302 1531819 7116602 7389914
3166747 21702884 22781525 82459969 71352208 56083871 86751054 156379281 223391908 11231658 8963702 12133780 11057232 10135174 8372947 17009354 17409108 28428478 22904699 17321415 17103474 19685497 24530372 29436998 31579665 28769351 41124227 18942475 63709012 105018497 91893014 169471297
4387449 9936670 12247974 10135174 12267815 8153886 19675996 32267815 48357587 56620664
4765761 8860329 10135174 13813133 32643177 18942475 54156772
5257313 2109978 16072154 48357587 13276671
5449363 8153454
5731841 8860329 8356717 169471297 7116602
6934565 21702884 16574432 50773026 71352208 150687644 182313134 11231658 9284662 10135174 13221689 14951972 8389403 15227679 17409108 16866231 22190576 19685497 22167202 21839975 18525118 18877998 18942475 20139657 57372393 101419621 151538740 15635432 19343135 20032672
7055611 54924974 208826119 10135174 10230534 12792224 46318037 30539006 22565017 51408116 10778316 9570637
7116602 10135174 2836415 5731841 17480353 10167736
7127999 8860329 10135174 2836415 8356717 4765761 5731841 32643177 17480353 7116602
7182814 208826119 12247974 12267815 12792224 4387449 15028317 19675996 32267815 30539006 18942475 56620664 173632421 9954498
7389914 10135174 12498655 14567960 2836415 43247694
7391763 9277330 10135174 8356717
7667668 71352208 86751054 8860329 10135174 12498655 2836415 14951972 8389403 15977953 8371216 31977219 35383733 19582789 67777737 166587703 12200486 9954498 10167736 11159076 8693204 15052302 1531819
8002382 71352208 9284662 12247974 8860329 10135174 2836415 8371216 48357587 19582789 101708102 54156772 11159076
8153454 2218900 9919328 5449363
8153886 71352208 223391908 9936670 12247974 12093835 10135174 12267815 4387449 17409108 19675996 32267815 16537073 56620664 99250531
8356717 9277330 10135174 5731841 7391763 191617448
8371216 71352208 97802369 8860329 10230534 8002382 8389403 7667668 48357587 19582789 54156772 10167736 11159076
8372947 3166747 22781525 71352208 53369972 86751054 11231658 8963702 12133780 11057232 12093835 10135174 15028317 17009354 17409108 17666167 28428478 22904699 17321415 17103474 24530372 29436998 49230381 28769351 41124227 30306787 18942475 61409832 105018497 91893014 92169389
8389403 71352208 11343181 8860329 10135174 10230534 12498655 2836415 14951972 15977953 6934565 7667668 8371216 35383733 48357587 67777737 166587703 12200486 9954498 10167736 11159076 8693204 15052302 1531819
8693204 71352208 8860329 16365755 12498655 2836415 8389403 15977953 7667668 35383733 48357587 67777737 12200486 1531819
8860329 71352208 10906539 10135174 16365755 12498655 16118799 2109978 12792224 8002382 15678636 8389403 15977953 4765761 7667668 12464208 8371216 5731841 19489934 31977219 35383733 48357587 16537073 23246632 67777737 166587703 12200486 10778316 11159076 8693204 13993570 15052302 1531819 12931763
8963702 3166747 21702884 22781525 86751054 182313134 11231658 12133780 10135174 8372947 15028317 17009354 28428478 17321415 17103474 29436998 28769351 92169389
9277330 10135174 15985892 8356717 48357587 7391763 191617448
9284662 150687644 13460091 13221689 8002382 6934565 16866231 22167202 18525118 18877998 57372393 101419621 151538740 15635432 19343135
9570637 71352208 127833723 131941285 208826119 10906539 10135174 10230534 15985892 16118799 7055611 12792224 14567960 15678636 12464208 31977219 23246632 18942475 10778316 9954498 13993570
9640110 11343181 14567960
9919328 71352208 60028379 57345517 11231658 11343181 10135174 12267815 10230534 16072154 8153454 15678636 17409108 22190576 33637931 29436998 48357587 16537073 18942475 135624038 20032672
9936670 7182814 97802369 208826119 12247974 10135174 12267815 8153886 4387449 19675996 29436998
9954498 7182814 10135174 10230534 15985892 12498655 16118799 12792224 15678636 8389403 7667668 12464208 166587703 9570637 15575118 12931763
10167736 10135174 2836415 8389403 7667668 8371216 32643177 48357587 20833640 13276671 7116602
10230534 71352208 208826119 10135174 12267815 14951972 8389403 8371216 22190576 48357587 30539006 91893014 166587703 173632421 10778316 9954498 11159076 9570637 9919328
10435710 82459969 17409108 49700830 33637931 21775977 49230381 45748695 18511760 23253209 62548794 56607262 99250531 90675890 20032672
10778316 97802369 54924974 57345517 150687644 208826119 12247974 8860329 10135174 10230534 7055611 12792224 15678636 31977219 30539006 173632421 9570637 13993570 20032672
10906539 71352208 8860329 12498655 19489934 35383733 48357587 67777737 54156772 9570637 1531819
11057232 3166747 21702884 22781525 223391908 11231658 12133780 10135174 8372947 17009354 28428478 17321415 24530372 29436998 48357587 28769351 41124227 18942475 105018497 91893014 92169389
11159076 71352208 8860329 10135174 10230534 8002382 2836415 14951972 8389403 15227679 7667668 8371216 16866231 22190576 22167202 19582789 101708102 67777737 54156772 169471297
11231658 3166747 21702884 22781525 50773026 71352208 86751054 150687644 156379281 8963702 12133780 11057232 10135174 8372947 15227679 6934565 15028317 17883391 17009354 17409108 27550949 17666167 31064945 28428478 19675996 22904699 17321415 17103474 19685497 24530372 29436998 42121125 28769351 45748695 41124227 18942475 56607262 94068901 61409832 105018497 91893014 89295518 90675890 92169389 135624038 173632421 9919328 20032672
11343181 16574432 92580714 50773026 71352208 182313134 9640110 8389403 17009354 17409108 16866231 48357587 21839975 18942475 105018497 151538740 9919328
12093835 21702884 22781525 71352208 94337025 86751054 57345517 150687644 10135174 8153886 13221689 8372947 14951972 15227679 15028317 17009354 16866231 22190576 17103474 29436998 17041996 18525118 28769351 18877998 30306787 18942475 105018497 99250531 91893014 92169389
12133780 3166747 21702884 22781525 71352208 86751054 11231658 8963702 11057232 13460091 8372947 17009354 17666167 28428478 17321415 17103474 29436998 28769351 18942475 105018497 92169389
12200486 71352208 8860329 10135174 12498655 2836415 8389403 15977953 7667668 35383733 67777737 166587703 8693204 15052302 1531819
12247974 7182814 208826119 9936670 12267815 8153886 8002382 4387449 19675996 21083918 32267815 17041996 173632421 169471297 10778316
12267815 7182814 71352208 54924974 208826119 9936670 12247974 10135174 10230534 8153886 12792224 4387449 19675996 29436998 32267815 48357587 30539006 54156772 173632421 9919328
20784792 17009354 23112560
20833640 2836415 32643177 10167736 13276671
21083918 21702884 16574432 106072881 145192054 12247974 15028317 17883391 17009354 28428478 22904699 17321415 23271223 18621187 17041996 28769351 23112560 93184354 51408116 91893014 138969512 13490461
21302395 57345517 150687644 10135174 14951972 46318037 22190576 48357587 18942475
21513726 16574432 150687644 10135174 13460091 15227679 22167202 48357587 101419621 19343135
21702884 3166747 22781525 53369972 86751054 131941285 208826119 11231658 8963702 12133780 11057232 12093835 8372947 6934565 15028317 17009354 28428478 22904699 17321415 24530372 21083918 29436998 28769351 41124227 18942475 77809072 51408116 91893014 92169389 151538740
21775977 82459969 131941285 10135174 17409108 22904699 49700830 33637931 38912692 44540517 45748695 18942475 62548794 56607262 86646790 99250531 90675890 92169389 10435710 15213188 20032672
21839975 16574432 71352208 150687644 182313134 11343181 10135174 13221689 6934565 16866231 19685497 18525118 18877998 59787583 57372393 151538740 15635432 19343135
22167202 16574432 127833723 9284662 13221689 14951972 6934565 16866231 22190576 19685497 18525118 18877998 20139657 59787583 57372393 101419621 11159076 15635432 19343135
22190576 16574432 57345517 150687644 12093835 10135174 10230534 13460091 13221689 14951972 15227679 6934565 21302395 46318037 16866231 22167202 48357587 17041996 18525118 18877998 59787583 57372393 101419621 11159076 9919328 15635432 19343135
22435290 56083871 150434563 139312178 267952962 176680349 31579665 22565017 44540517 77809072 63709012 89661393 94068901 57155858 86123414 133150173
22565017 20474086 56083871 150434563 139312178 267952962 176680349 7055611 22435290 31579665 77809072 63709012 89661393 94068901 57155858 86123414 163790932
22781525 3166747 21702884 82459969 97802369 53369972 86751054 131941285 223391908 264390032 11231658 8963702 12133780 11057232 12093835 10135174 8372947 15028317 17009354 17409108 17666167 28428478 22904699 17321415 25612287 17103474 24530372 29436998 28769351 41124227 18942475 93184354 94068901 61409832 105018497 91893014 90675890 92169389 20032672
22904699 3166747 21702884 22781525 50773026 86751054 11231658 10135174 8372947 17009354 28428478 17321415 24530372 21083918 21775977 28769351 18942475 91893014 92169389
23112560 106072881 145192054 17883391 17409108 26344228 23271223 21083918 18621187 20784792 18942475 93184354 110091507 51408116 138969512 13490461
23246632 8860329 15985892 12792224 15678636 12464208 31977219 16537073 59787583 9570637 13993570 12931763
23253209 82459969 60028379 131941285 10135174 17409108 49700830 25612287 33637931 17041996 38912692 50740293 49230381 18511760 18877998 18942475 62548794 56607262 86646790 99250531 90675890 135624038 10435710 15213188 12931763 20032672
23271223 106072881 71352208 150687644 145192054 17883391 17409108 26344228 21083918 29436998 18621187 23112560 18942475 93184354 77809072 94068901 51408116 99250531 138969512 13490461 20032672
24530372 3166747 21702884 22781525 86751054 11231658 11057232 8372947 17009354 28428478 22904699 17321415 17103474 29436998 28769351 62548794 91893014 92169389
25217920 21702884 22781525 71352208 86751054 182313134 11231658 11057232 17009354 17666167 48357587 18942475 94068901 105018497 20032672
25612287 22781525 92580714 82459969 60028379 131941285 17883391 17409108 49700830 29436998 50740293 49230381 23253209 62548794 56607262 86646790 99250531 90675890 135624038 20032672
25628459 92580714 71352208 94337025 134646052 137705456 156379281 215672280 10135174 27550949 31064945 31253178 115154147 124345597 80713250 101593507 99250531 55186041 173632421 133010374
26344228 106072881 145192054 17883391 23271223 18621187 23112560 93184354 110091507 51408116 138969512 13490461
27550949 92580714 71352208 94337025 139312178 134646052 137705456 156379281 264390032 176680349 11231658 10135174 31064945 31579665 25628459 31253178 115154147 124345597 85367918 63709012 80713250 101593507 55186041 165162054 133010374
28428478 3166747 21702884 22781525 71352208 86751054 223391908 11231658 8963702 12133780 11057232 10135174 8372947 15028317 17009354 17666167 22904699 17321415 17103474 24530372 21083918 29436998 28769351 18942475 19582789 105018497 91893014 92169389
28769351 3166747 21702884 22781525 71352208 86751054 223391908 11231658 8963702 12133780 11057232 12093835 10135174 8372947 15028317 17009354 17409108 17666167 28428478 19675996 22904699 17321415 17103474 24530372 33637931 21083918 29436998 48357587 16537073 42121125 41124227 18942475 19582789 77809072 94068901 61409832 105018497 91893014 92169389 12931763
30306787 3166747 21702884 22781525 11231658 12133780 11057232 12093835 10135174 8372947 17009354 17321415 17103474 21083918 29436998 25217920 28769351 41124227 105018497 91893014 90675890 92169389
30539006 7182814 71352208 97802369 208826119 10135174 12267815 10230534 7055611 31977219 19582789 10778316
31064945 92580714 71352208 94337025 134646052 137705456 156379281 215672280 11231658 10135174 27550949 25628459 18942475 31253178 115154147 124345597 77809072 85367918 94068901 80713250 101593507 99250531 55186041 92169389 133010374
31253178 92580714 71352208 94337025 137705456 156379281 215672280 10135174 27550949 31064945 31579665 25628459 18942475 115154147 124345597 77809072 85367918 80713250 101593507 55186041 133010374
31579665 3166747 20474086 56083871 127833723 150434563 139312178 156379281 267952962 176680349 10135174 17409108 27550949 22435290 22565017 44540517 18942475 31253178 77809072 63709012 89661393 94068901 57155858 86123414 133150173 163790932 154243484
31640340 10135174 15575118
31977219 8860329 10135174 15985892 16118799 12792224 15678636 7667668 30539006 16537073 23246632 19582789 10778316 9570637 13993570 15575118 12931763
32267815 7182814 208826119 12247974 12267815 8153886 4387449 56620664
33637931 92580714 82459969 71352208 10135174 17409108 49700830 21775977 48357587 17041996 38912692 50740293 49230381 28769351 18511760 23253209 62548794 56607262 105018497 86646790 99250531 90675890 10435710 9919328 15213188 20032672
35383733 71352208 10906539 8860329 12498655 2218900 2836415 8389403 7667668 67777737 166587703 12200486 8693204 15052302 1531819
38912692 10135174 17409108 49700830 33637931 21775977 17041996 49230381 45748695 18511760 23253209 62548794 61409832 99250531 135624038 15213188 20032672
41124227 3166747 21702884 22781525 71352208 223391908 11231658 11057232 10135174 8372947 15028317 17009354 17321415 29436998 28769351 18942475 94068901 105018497 92169389
42097610 10135174 169471297
42121125 11231658 10135174 17009354 17666167 17321415 28769351 18942475 92169389
43247694 10135174 14567960 7389914
44540517 20474086 150434563 139312178 267952962 176680349 17409108 22904699 22435290 31579665 21775977 18942475 124345597 77809072 89661393 94068901 57155858 55186041 86123414 133150173 163790932
45748695 82459969 71352208 131941285 11231658 10135174 17409108 49700830 21775977 48357587 38912692 50740293 49230381 18942475 62548794 56607262 61409832 110091507 86646790 51408116 135624038 10435710
46318037 57345517 150687644 11343181 10135174 7055611 14951972 15227679 21302395 22190576 17041996 59787583 57372393 101419621 15635432
48357587 82459969 71352208 57345517 182396509 9277330 11343181 11057232 10906539 8860329 10135174 12267815 10230534 16072154 8002382 2836415 14951972 8389403 15227679 4387449 8371216 5257313 17409108 21302395 22190576 33637931 50740293 17480353 25217920 28769351 45748695 19582789 101708102 67777737 59787583 99250531 54156772 90675890 135624038 162517402 10167736 8693204 9919328 13276671 1531819 20032672
49230381 82459969 60028379 145192054 131941285 8372947 15227679 17409108 49700830 25612287 17103474 33637931 38912692 50740293 45748695 23253209 18942475 62548794 56607262 61409832 99250531 90675890 135624038 10435710 15213188 20032672
49700830 82459969 71352208 131941285 208826119 10135174 17409108 17321415 25612287 33637931 21775977 17041996 38912692 50740293 49230381 45748695 18511760 23253209 18942475 62548794 56607262 61409832 86646790 99250531 90675890 165554555 135624038 10435710 15213188 20032672
50740293 71352208 131941285 10135174 17409108 49700830 25612287 33637931 48357587 49230381 45748695 23253209 18942475 56607262 99250531 135624038 15213188 20032672
50773026 16574432 71352208 11231658 11343181 10135174 13221689 6934565 16866231 22904699 19685497 18525118 18942475 57372393 151538740 19343135
51408116 21702884 106072881 71352208 145192054 7055611 17883391 17409108 26344228 23271223 21083918 45748695 23112560 18942475 62548794 93184354 77809072 94068901 105018497 110091507 99250531 138969512 133150173 172950582 13490461
53369972 21702884 22781525 127833723 8372947 17009354 17321415 17103474 105018497 92169389
53661078 3166747 21702884 22781525 86751054 11231658 8963702 12133780 11057232 12093835 10135174 8372947 15028317 17009354 17666167 28428478 22904699 17321415 24530372 21083918 42121125 41124227 18942475 91893014 92169389
54156772 71352208 10906539 10135174 12267815 8002382 4765761 8371216 48357587 19582789 11159076
54924974 71352208 97802369 10135174 12267815 7055611 16537073 10778316
55186041 92580714 94337025 134646052 137705456 156379281 215672280 27550949 31064945 44540517 25628459 18942475 31253178 115154147 124345597 77809072 85367918 94068901 80713250 101593507 133010374
56083871 3166747 20474086 92580714 150434563 139312178 176680349 22435290 31579665 22565017 18942475 77809072 63709012 89661393 94068901 57155858 86123414 133150173 163790932
56607262 82459969 60028379 131941285 11231658 17409108 49700830 25612287 33637931 21775977 50740293 49230381 45748695 18511760 23253209 18942475 62548794 86646790 99250531 90675890 135624038 10435710 15213188 20032672
57345517 16574432 150687644 12093835 10135174 13221689 14951972 15227679 21302395 46318037 16866231 22190576 48357587 18525118 18877998 18942475 59787583 151538740 10778316 9919328 15635432 19343135
57372393 16574432 50773026 182313134 9284662 10135174 13221689 14951972 6934565 46318037 16866231 22190576 19685497 22167202 17041996 21839975 18525118 18877998 20139657 59787583 101419621 151538740 15635432 19343135
59787583 16574432 57345517 150687644 182313134 10135174 13221689 14951972 15227679 16866231 22190576 22167202 48357587 21839975 18525118 23246632 18877998 18942475 20139657 57372393 15635432 19343135
60028379 10135174 17409108 49230381 23253209 18942475 62548794 56607262 90675890 9919328 20032672
61409832 22781525 71352208 131941285 11231658 10135174 8372947 17409108 49700830 17103474 29436998 38912692 49230381 28769351 45748695 18942475 62548794 99250531 135624038 15213188 20032672
62548794 82459969 71352208 60028379 131941285 10135174 17409108 49700830 25612287 24530372 33637931 21775977 38912692 49230381 45748695 18511760 23253209 56607262 61409832 86646790 51408116 99250531 90675890 92169389 165554555 133150173 135624038 274472396 10435710 15213188 20032672
63709012 3166747 20474086 56083871 150434563 139312178 267952962 176680349 27550949 22435290 19771937 31579665 22565017 18942475 77809072 89661393 94068901 57155858 86123414 133150173 163790932 154243484
67465327 225058660 18942475
67777737 71352208 10906539 8860329 12498655 15678636 2836415 8389403 15977953 7667668 35383733 48357587 166587703 12200486 11159076 8693204
71352208 3166747 16574432 92580714 50773026 97802369 54924974 94337025 86751054 145192054 131941285 134646052 156379281 208826119 182313134 223391908 11231658 12133780 11343181 12093835 10906539 8860329 10135174 12267815 10230534 12498655 13460091 8153886 13221689 8002382 8372947 2836415 14951972 8389403 15977953 6934565 7667668 8371216 19489934 17409108 27550949 17666167 31064945 28428478 49700830 23271223 35383733 33637931 29436998 18621187 48357587 21839975 30539006 50740293 28769351 45748695 25628459 41124227 18942475 31253178 19582789 115154147 62548794 124345597 67777737 93184354 94068901 61409832 105018497 80713250 51408116 99250531 54156772 90675890 92169389 151538740 135624038 165162054 173632421 12200486 11159076 8693204 9570637 9919328 13490461 15052302 1531819 20032672 133010374
77809072 21702884 20474086 56083871 150434563 139312178 156379281 176680349 10135174 17409108 31064945 23271223 22435290 19771937 31579665 22565017 16537073 28769351 18942475 31253178 63709012 89661393 94068901 51408116 57155858 55186041 86123414 133150173 163790932 154243484 20032672
82459969 3166747 22781525 131941285 10135174 17409108 49700830 25612287 33637931 21775977 48357587 49230381 45748695 23253209 18942475 62548794 56607262 86646790 99250531 90675890 92169389 135624038 10435710 20032672
85367918 134646052 137705456 156379281 215672280 27550949 31064945 31253178 80713250 55186041 133010374
86751054 3166747 21702884 22781525 71352208 11231658 8963702 12133780 12093835 8372947 15028317 7667668 17009354 17666167 28428478 22904699 17321415 17103474 24530372 29436998 25217920 28769351 18942475 19582789 105018497 91893014 92169389
87875878 225058660 18942475 89123004
89123004 18942475 87875878
90675890 22781525 82459969 71352208 60028379 127833723 131941285 264390032 11231658 10135174 17409108 49700830 25612287 33637931 21775977 48357587 16537073 49230381 18511760 23253209 30306787 18942475 62548794 56607262 86646790 99250531 10435710 20032672
97802369 22781525 71352208 54924974 9936670 10135174 8371216 30539006 16537073 10778316
106072881 145192054 17883391 26344228 23271223 21083918 23112560 93184354 110091507 51408116 138969512 13490461
110091507 106072881 145192054 17883391 26344228 18621187 45748695 23112560 93184354 51408116 138969512 274472396 13490461
125771261
127833723 16574432 53369972 22167202 31579665 18877998 90675890 135624038 9570637
134646052 92580714 71352208 137705456 156379281 10135174 27550949 31064945 25628459 18942475 124345597 85367918 80713250 55186041
150687644 57345517 11231658 9284662 12093835 13460091 13221689 15227679 6934565 21302395 46318037 16866231 22190576 23271223 17041996 21839975 18525118 20139657 59787583 101419621 151538740 10778316 15635432 19343135
151538740 21702884 16574432 50773026 71352208 57345517 150687644 182313134 9284662 11343181 10135174 16365755 13460091 13221689 14951972 6934565 16866231 19685497 21839975 18525118 18877998 18942475 20139657 57372393 101419621 91893014 15635432 12931763 19343135
156379281 3166747 92580714 71352208 94337025 134646052 137705456 215672280 264390032 11231658 10135174 27550949 31064945 31579665 25628459 18942475 31253178 115154147 124345597 77809072 85367918 80713250 101593507 55186041 165162054 133010374
176680349 20474086 56083871 150434563 139312178 267952962 215672280 10135174 27550949 22435290 31579665 22565017 44540517 77809072 63709012 89661393 94068901 57155858 86123414 133150173 163790932 154243484
182313134 16574432 71352208 8963702 11343181 10135174 13221689 6934565 16866231 19685497 21839975 18525118 25217920 18877998 20139657 59787583 57372393 101419621 151538740 15635432 19343135
208826119 7182814 71352208 9936670 12247974 10135174 12267815 10230534 7055611 19675996 49700830 29436998 32267815 30539006 18942475 10778316 9570637
215672280 92580714 94337025 137705456 156379281 176680349 31064945 25628459 31253178 115154147 124345597 85367918 101593507 55186041 165162054 133010374
231696544
274472396 131941285 10135174 17409108 21775977 62548794 110091507 15213188
285892381
