10135174
18942475
71352208
17409108
11231658
48357587
20032672
22781525
17009354
28769351
8860329
29436998
16866231
94068901
21702884
62548794
13221689
77809072
99250531
19343135
92169389
3166747
49700830
16574432
2836415
27550949
8372947
150687644
18877998
31579665
21083918
12792224
14951972
92580714
49230381
17321415
22190576
151538740
8389403
150434563
131941285
7667668
156379281
51408116
18525118
9570637
23253209
176680349
28428478
94337025
12267815
63709012
56607262
16537073
57372393
44540517
91893014
17883391
33637931
25628459
10778316
86751054
89661393
1531819
7182814
15635432
133010374
93184354
57155858
67777737
135624038
90675890
53661078
137705456
12247974
15227679
15985892
12498655
110091507
22167202
182313134
86123414
31064945
