1555570
3903921
4758388 223723106
5383323
5496261
6521290 29661509
8009987
8972926
10521564
11915293
12834630
13031828
13069229
13151134 138858917
13485646 173138913
14736854
15353926
16042835
16122663
17769671
17847996
17850075
18117096 138858917 242812053
18407225 136331673
18432658
18826215
19203544
20544856
21155229
22563907
22669238
22863995
23261861
23519612
23747984
24600578 181368942
26304729 176082214 200969083
26641574
26693967
27094124 195799304
28034160 138858917 219161138 241137553
29661509 6521290
31091934
31714906 33524134 41036173 138858917
33388129
33524134 31714906 41036173 138858917
33558235 138858917 219161138 241137553
33758277
34447724
34526195
34694401
34881527
36033422
36446531 138858917 210919831 241174848
36625977
37343863
37884565
40154522
40267434
40575019
40601420
41034058 219456508 222693505
41036173 31714906 33524134 138858917
46235969
46374322 131980211
46950369
47313883
49392948
49884037
50107124
50252130
50512320
51105339 72646167 101333020 228009936
51879630 219161138 241174848 241137553
52253927
53032018
53202781
53832872
55257120
55402719
56147797
56666561
56869004
57595848
57643228
59396106
60274675
60573946 65068943
60642996
61203777
61392617 79175386 222363423
61650955
62377298
62461111 236157174
62722824
64701612
64767781
65068943 60573946 177573943 225314928 232453969 241069011
66043077
66722847
99597818
100436915
100442574
100860969
100920644
101333020 51105339 72646167 222090573 232784091 235842367
101583076 133909948 219117529 227880183
102764206
103098356 153373717 227880183
103441575 235615121
103833881
104019231 222338687
104048027
104492153
105168878
105454379
105645174
108577139
108674405
109308925
109548939 153837014
109575952
110219041
111045106
111711048
112321674
112727906
113957716
114230692 90780992 167046704
114623662
115122279
116315316 138858917
116413031
116520433
116906873
118992885
119005218
119277457
119585458
120187970
120891218
120907706
121944638
122142922
122146600 137088560 188072340 195637033 236963786
122868343 151924477 242061986
123342446 195234825
124754194
124957243
125026650 155670196 156545305 179911148 225729528
67641981
67836148
67913436
68448943 142160193 151675356 183508800
68604586 151454038
68622689
68675761
69678161
70526222
71033828
72129240
72646167 51105339 101333020 228009936 235842367 251712440
73544273
73632273
75045463
75167150
76705266
79044942
79175386 61392617
80777917
81351647
81860132
83085045
84983661
85107791
87234330
87827691 154123047 222693505 226592428 246188673
88661906
89341723
89471396
90559966 154694933 201317522 226645225 235958475 250802705
90780992 114230692 167046704
91340069
92134594
92315964
92802114
93735168
94227097
94500681
94720814
94942967
95181835
95482040
96093645
96863986
97136169 134459502 135175282 143874729 194360604
97458589 242247551
97856028
98012529
98535600
125417863
125449308
125477034 141644217
125903811
125960038 134459502 135175282 143437523 143874729 194360604
126187115
126430501 208368488 213195280
127819193 167033161
127994973 215354260 221273112
128059845
129294825
131028172
131574443
131845327
131980211 46374322 154123047 153572942 193392596 198223415 202731344 244749379
132189275 155317567 162603231 180200776 180279753 184553835 215372795 216143536 225957624 245132949
132246164
132380241
132707036 191967956 197276270
132799945 201573498
132806883
133095841
133456780 150657711 165390380
133524134
133661529 155317567 193920876 225957624 245132949
133790787
133909948 101583076
134216956
134459502 97136169 125960038 135175282 143437523 143874729 198912575 194360604 212081588 253131194
134660867
135038646 145357282 236197879
135093496
135139025
135175282 97136169 125960038 134459502 143874729 194360604 212081588 253131194
135185573
135278696
135299801
135430515 224469008
135677534
135937890 153837014 167444691 161125196 192105569 200747208 241649341
135960310 175103792 204220661 216413976
136220123
136261391 169573893 225729528 228307346 248421837 252521949
136321950 212988292
136331673 18407225
136501860
136606614
136757963
136974786
137042287
142221634
142265832 138858917
142419473 159067466 227766411 240309045
142440716 103098356 153373717 186705367 227880183
142750528
142850718
143435731
143437523 125960038 134459502 194360604
143635956
143874729 97136169 125960038 134459502 135175282
143929707
144067313 145357282
144087184 137088560 153913853 186548359 195637033 200530937
144527613
144534924
144674934
144888409
144894494
144922269 227880183 241975542
144973202 219456508 222693505
144984788
145163123
145179591
145357282 138751646 135038646 144067313 159343459 192862972
145380878
145457106
145673376
145707766 137088560 138419919 172117217 199863769 220275249 230931871 248785477
145709120 222693505
145829215
145890473
146023884
146482825 242417418
146504339
146506495 157216485 218290869 241220980 242237434
146883326 176415988 200630451 242061986 247800931 243888606
146970057
146989329 208880478 212988292
147086648
147403030 197748631 244007488
147461568
147612920
147622224 200630451
147833712
147948404 219456508 222693505
147979843
148010431 154123047 170866945 190248814 195897576 198358945 204220661 228268063
148115129
148280807 216907460
148406550 169474805
137075644
137088560 122146600 138419919 145707766 144087184 172117217 191967956 197276270 195637033 199863769 220275249 230931871 236963786
137123571
137434196
137443069 217563061
137622666 224164582
137797863
137844138
137880662
137953848
138160265
138211919
138335738 154123047
138419919 137088560 145707766 172117217 199863769 220275249 248785477
138642610
138658273 141890402 158183761 160215760 177866936 222363423 237986748
138751646 145357282 168732912
138858917 31714906 33524134 18117096 13151134 41036173 33558235 28034160 36446531 116315316 142265832 160220572 210919831 225129663
139004863
139031494
139155097
139183839
139328994
139351409
139718581 208880478 245442054
139787589
139796713
139895726
139909242
139937657
140071414
140221409
140239727 155670196 159066399 179911148 197829377 228480961
140265315
140269602
140291891
140574546
140652681
140666001 176453765 188936080 235958475 250802705
140691242
140883774
140932100
141644217 125477034
141681592
141719358
141732763
141890402 138658273 177866936
142104176
142106512
142160193 68448943
149087885
149156315
149165502
150219244
150327821 152992181
150347848
150471260
150480416 182646906 199478094 194091925 212109500 228891876
150546718
150657711 133456780
150727391
151120478
151121099
151253411
151369439
151454038 68604586
151675356 68448943 154121822 173125570 242064153
151712400 184397854
151852658
151868932
151924477 122868343 161854498 206124030 234512288
152039637
152303425
152396703
152561590 195799304 224469008
152781897
152875853
152992181 150327821
153004739
153026961
153345007
153373717 103098356 227880183
153394365
153455736
153572942 131980211 174895231
153606148
153743909
153746465 229018474
153837014 109548939 135937890 155776308 167444691 161125196 192105569 200747208 201573498 213166876 241649341 243323892
153913853 144087184 186548359 195637033 200530937
153931813
154018225
154076891
154093055 194984472
154121822 151675356 181098462 215862185 242064153 252236163
154123047 87827691 131980211 138335738 148010431 184545932 190248814 208880478
154450877 192173630 208880478 212988292
154545563 203650328
154659059
154694933 90559966 176453765 188936080 201317522 226645225 238043858 235958475 242654948 250802705
160215760 138658273 158183761 174895231
160220572 138858917
160369451
160459947
160574148
160765748
160870635
161052521
161091590
161093208 189877871 194091925 212109500
161125196 135937890 153837014 167444691 192105569 200747208 201573498 236612066 241649341
161202513
161395058
161433380
161612476
161627255
161771297
161854498 151924477 176415988 176325866 194984472 206124030 241975542
161903983
162549699
162603231 132189275 155317567 180279753 215372795 216143536 221373939 225957624 245132949
163037968
163038300
163155268
163333284
163401012
163732548
163825919
163907027
164075097
164137480 167033161
164222800
164329382
164557995 170200644
164664362
164670065 260571906
164798971
164827683 191332048 224268067 245132949
165072666
165342501
165390380 133456780
165510009 197899578 226368314
165512917
165546672 228071846
166071726
166133714
166376407
166411832
166851629 167033161 176148974
167033161 127819193 166851629 164137480 176148974 186976832 235728260
155090708 242379928
155102470
155126681
155206728 46374322 68448943 87827691 109548939 105454379 132799945 138751646 138211919 148010431 145357282 153837014 168674142 168595027 161052521 176325866 174030318 173896821 170866945 171685644 171904745 185180192 193392596 198622309 203888409 203903743 200747208 200630451 201573498 212911561 208445295 225962404 233447875 241975542 243323892
155282189 184553671
155291086
155317567 132189275 162603231 180200776 180279753 215372795 216143536 245132949
155670196 125026650 140239727 156545305 159066399 179911148 191796644 225729528
155776308 153837014
155777476
155868219 195443271
156141648
156224695 157926364
156240753
156480692
156545305 125026650 155670196 159066399 225729528
156782794
156926315
156974718 236157174
157216485 146506495 236157174
157279448
157340796
157429965
157682741
157711024
157722626 195637033
157885042
157926364 156224695 251568798
158139726
158183761 138658273 160215760
158384799
158448217 182334339 178106499 186018244 195637033 213268146 212949046 221194367 236423629 248425751
158628777
158739633 238982387
158861307 159066399 179911148 191796644
158881599
158927978
159002974
159066399 140239727 155670196 156545305 158861307 179911148 197829377 225729528
159067466 142419473 227766411 240309045
159307989
159321317 199522638 211003686
159343459 145357282
159407432
159413411 133456780
159511580
159703195
160011902 245132949
160053492 193891638
160211886
167046704 90780992 114230692 192266584 212976424
167302600
167310090
167432431
167444691 135937890 153837014 161125196 193392596 201573498 237495614
167596937
167799390
167910391
168051912
168237689
168289921
168400837
168427711
168494914
168595027 170200644 169643964 196742425
168621239
168674142
168732912 138751646
168941027
168965975
169003947
169337134
169442374
169474805
169549944
169573893 136261391 228307346 248421837 253469872
169643964 168595027 239288028
169900641 236157174
169904875 225600918 244007488
170032197
170035749
170200644 168595027 164557995 173908145 236397887 239288028 250800456 252844953
170207151
170216951
170329489
170692114
170866945 148010431 172384457 185180192 198358945
170995905
171063457
171279060
171301392
171352377
171437034
171466999
171573009 187393116
171598112
171685644
171807811
171904745
172117217 137088560 138419919 145707766 199863769 208880478 220275249 248785477
172171221
172320332
172381299
172384457 170866945 193392596 197905321 225376859
172411156
172495272
172535832
172666144
172851567
172885211
172909989
172972458 190248814 198358945
173067444 190897173 200630451
173100642 184522310 232453969 233750594 242190281
173125570 151675356 242064153
173138913 13485646 224164582 231084044
173583304 208880478
173671825
173896821
173908145 174164910 170200644 195897576 199522638 225178061 233317988
173984000
173994532
174030318
174047062
174091889
174164910 173908145 199522638
174188535
174292265
174309421 217004160
174665147 146506495
174671555
174856776
174895231 153572942 160215760 201954144
174972452
175078020
175103792 135960310 251291024
175133199
175296597
175335527
175497394
175835313
176082214 26304729
176148974 167033161 166851629 221662886 235728260
176226169
176305535 176659324 217595306 227035138 236792506
176325866 161854498 214309024
176376155
176415988 146883326 161854498 200630451
176453765 140666001 154694933 188936080 238043858 250802705
176642713 245132949
176659324 176305535 217595306 216275208 227035138 236792506
176748229
176756397 211992807
176902793
176913328
177014985
177273345
177473037
177553134
177573943 65068943 241069011
177675656
177866936 141890402 138658273 237986748
177946506
178106499 158448217 182334339 179777103 186018244 195637033 213268146 212949046 221194367 248425751
178415038
178773509
178788567 251291024
179032828
179073112
179262604 192725232
179269487
179465891
179561765
179687561 189877871
179714188
179777103 178106499
179867167
179911148 125026650 140239727 155670196 158861307 159066399 191796644 197829377 225729528
179986124
180028775 227549610
180030041
180199153
180200776 132189275 155317567 193920876 245132949
180204495
180279753 132189275 155317567 162603231 184553835 193920876 215372795 225957624 226343798 245132949
180358274 225703707
180490832
180498871
180572229
181018514
181019977
181070053 195897576
181098462 154121822
181122437
181248711
181250711 198223415 202731344
181261765
181268635
181359424 199043012
181368942 24600578 208720941
181462290
181539300
181574612
181578918
181643724 192862972 236157174
181714324
181816201
182124689
182139186
182147161
182294175
182334339 158448217 178106499 186018244 195637033 213268146 212949046 221194367 248425751
182400423 229018474 240249180
182646906 150480416 228891876
182794787
183302438
183398033
183508800 68448943
183603337
183811518
183872001
184062357
184286070
184315832
184397854 151712400 193811844
184522310 217563061
184545932 154123047
184553671 155282189
184553835 132189275 180279753 193920876 216143536 225957624 245132949
184628260
184858139
184866203
184888755
185035461
185180192 170866945
185274665
185276877
185328726
185381061
185473047
185484448
185639550 194984472 206124030
185642222
185699939
185811242
186018244 158448217 182334339 178106499 195637033 213268146 248425751
186082111
186548359 144087184 153913853 195637033 200530937 228918580
186705367 192725232 227880183
186706930
193240212 202731344
193266109
193292168
193292892
193300642
193392596 131980211 167444691 172384457 201573498 246188673
193501736
193529744
193674941
193811844 184397854
193875562
193891638 160053492
193918718
193920876 180200776 180279753 184553835 215372795 225957624 245132949
193947604
194011333
194091925 150480416 161093208 189877871 199478094 212109500 228891876
194280583
194360604 97136169 125960038 134459502 135175282 143437523
194443809
194592782 192266584
194592917
194699447
194984472 154093055 161854498 185639550 241975542
195041879
195172359
195174972
195234825 123342446
195244847
195274171 208368488
195290206
195318875
195330531 65068943
195418122
195431398
195443271 155868219 226937773 232110944 247265775
195634435
195637033 122146600 137088560 144087184 153913853 157722626 158448217 182334339 178106499 186018244 186548359 188072340 200530937 213268146 212949046 228918580 235047303 236423629 248425751
195712459
195792825 197326231 206673192 210560936 215354260 221273112 229200571 229746554 235477677 238777440 238134517 236201615 241430375
195799304 27094124 152561590
195897576 148010431 173908145 181070053 246993607
195943025
196056192
196295909
196314132
196316841
196518658 142419473 227766411
196742425 168595027
197276270 132707036 137088560 191967956
186825056
186866457
186976832 167033161 235728260
187026776
187203076
187376458 235615121
187384009 208880478
187385645
187393116 171573009 202732198 234512288 242061986
187416352
187599617
187906802
188037296
188072293
188072340 122146600 195637033
188239886
188575467 40267434 120907706 122142922 136220123 147461568 171598112 180490832 176902793 187376458 186866457 202846381 218441113 219164051 218733387 225314928 225148141 225191067 222015067 227178262 235593282 235135780 233300489 234161104 238733320 241132433 240476921 240416278 238969117 239142132 242247551 242190281
188764630
188780388
188834191
188936080 140666001 154694933 176453765 201317522 226645225 237180637 242654948 250802705
189257869 154123047 154694933 176453765
189567358
189569383
189616204
189685216
189877871 161093208 179687561 199478094 194091925 228891876
190244923
190248814 148010431 154123047 172972458 215862185 217469040 233317988
190462048
190530544 208880478 212988292
190897173 173067444 200630451 235630436
190934223
191138996
191160844
191216613 169573893 228307346 248421837 252521949
191332048 164827683 193237100 224220423 224268067 225639800 245132949
191796644 155670196 158861307 179911148 197829377
191797109
191967956 132707036 137088560 197276270
192105569 135937890 153837014 161125196 200747208 241649341
192173630 154450877 208880478
192266584 167046704
192343497
192725232 179262604 186705367 227880183
192862972 145357282 181643724
192973377
193190945
193237100 191332048
193239436 213166876
211435981
211913539
211916149
211992807 176756397
212073578
212081588 134459502 135175282
212109500 150480416 161093208 194091925 228891876
212224585
212447612
212497328
212535531 222015067 241155056
212637152
212757048
212814640
212911561
212949046 158448217 182334339 178106499 195637033 236423629
212976424 167046704
212988292 136321950 146989329 154450877 190530544 202731344 208880478 253561046
213026182
213115802
213166876 153837014 193239436 202731344
213195280 126430501 214304326
213212302
213268146 158448217 182334339 178106499 186018244 195637033 235047303 236423629 248425751
213308479
213339632 202731344
213479541 238486849 252418550
213850148
214004102
214183236 169900641 234350546 242548268
214195163 236157174
214213580
214222943
214257879
214304326 213195280 233317988
214309024 176325866 218295056 222693505
214384514 236157174
214432645
214710974
214839420
214911190 195418122
214942850
215006812
215033747
215175561 131028172 174309421 231296222 242353941
215176904
215354260 195792825 197326231 210560936 221273112 229746554 232673138 232040108 238134517
215372795 132189275 155317567 162603231 180279753 193920876 216143536 225957624 245132949
215533870
215629375 236157174 236306103
197326231 195792825 210560936 215354260 221273112 229200571 229746554 232673138 238777440 238134517
197333710 240688456
197573802
197651578
197720166
197748631 147403030 201954144
197829377 140239727 159066399 179911148 191796644
197857676
197899440
197899578 165510009 226368314
197905321 172384457 203888409 235630436
197957950
198072496
198223415 131980211 181250711 202731344
198352952
198358945 148010431 172972458 170866945
198622309
198663252
198669740
198912575 134459502
199043012 181359424
199290093
199371098 241817055
199478094 150480416 189877871 194091925
199511705
199522638 159321317 174164910 173908145 211003686 225178061
199750733
199768570
199863769 137088560 138419919 145707766 172117217 220275249
199891953 210931418
199980957 203888409
200046424 236157174
200413064
200505206
200528822
200530937 144087184 153913853 186548359 195637033 228918580
200602019
200612734
200630451 146883326 147622224 176415988 173067444 190897173 241975542 242061986 247800931
200652536
200747208 135937890 153837014 161125196 192105569 241649341
200903220
200909248
200969083 26304729 224851325
201309463
201317522 90559966 154694933 188936080 226645225 235958475 250802705
201573498 132799945 153837014 167444691 161125196 193392596 241649341
201584957
201598012
201751846
201902750 207474089 218083287 235496868
201926758 207988472
201954144 174895231 197748631
201986549 219456508 222693505
202105247 234512288
202263094
202320150 230931871
202373866
202731344 131980211 181250711 193240212 198223415 203656572 212988292 213166876 213339632 223502806 228477211
202732198 187393116 234512288 237075289 242061986
202846381
202860372
203019773
203293593
203307562
203409030 143437523
203450281
203494576
203650328 154545563
203656572 202731344 244007488
203888409 197905321 199980957 219339424 225600918 235630436 236397887
203903743
204220661 135960310 148010431
204417841 245194114
204477238
204793487
204843964
204864613
205027240
205223641
205268923 197326231 215354260 229200571 238777440
205370136
205488071
205537465
205601278
205720164 244007488
205821601
205893869 231689623
206007311
206023711
206124030 151924477 161854498 185639550
206208881
206323363
206398231
206527026
206655602
206673192 195792825 221273112 235477677
207101801
207224172 217088177 225957624 225796790 233496105 248137054 245132949
207351217
207474089 201902750 218083287 235496868
207514831
207515750
207548949
207698875
207790544
207871703 236157174
207915044 240813292
207922348
207951957
207988472 201926758 208987054 229018474
208073227
208111464
208125982
208163722
208368488 126430501 195274171
208445295
208461825
208633902
208720941 181368942
208880478 139718581 146989329 154123047 154450877 173583304 172117217 190530544 192173630 187384009 212988292 245442054 253561046
208987054 207988472
209106133
209217493
209299327
209467775
209503656
209590891 235615121
209674981
209733909
209867929
209884340
210026714
210205101
210560936 195792825 197326231 215354260 221273112 229200571 232040108 235477677 238777440 238134517 236201615 241430375
210628723
210654402
210740931
210792907
210841641
210880166
210899092
210919831 36446531 138858917 241174848
210931418 199891953
210971023 218319162
211003686 159321317 199522638 225178061
211092642 236157174
211138311 242688355
211314576
211392780
219682049
219719489
219806547
219833321 236157174
219980540
220230929
220270305
220275249 137088560 138419919 145707766 172117217 199863769
220488513
220563305 211092642
220820074
220968374
221093547 255400913
221194367 158448217 182334339 178106499 235047303
221273112 195792825 197326231 206673192 210560936 215354260 229200571 229746554 232673138 232040108 238134517 236201615 241430375
221373939 162603231 245132949
221662886 176148974
221714332 122146600 137088560 188072340 195637033 236963786
221784439 244007488
221818934
222015067 241155056
222090573 101333020 232784091
222227396
222338687 104019231
222363423 61392617 138658273
222381280
222478856
222594554
222678864
222685944
222692759
222693505 41034058 87827691 147948404 145709120 144973202 201986549 219456508 214309024 234481492 235573925 237358704 239492121 247225158
222705381
222777160 229672075
222955540
223066049
223247804
223303638
223422457
223438718
223502806 202731344
223605193
223610167
223648341
223723106 4758388 242328033
223779349
223814373
223818468
223822752 235999137 247054040
223830909
215771553 252232217
215862185 154121822 190248814
215926733
216022803
216143536 132189275 155317567 162603231 184553835 215372795 245132949
216275208 176659324
216413976 135960310
216488098
216556089 173908145
216722823
216806161
216907460 148280807
216939952
217004160 174309421
217088177 207224172 225796790 233496105 248137054 245132949
217090900
217330525
217469040 190248814
217563061 184522310 242153782
217571848
217595306 176305535 176659324 227035138 236792506
217721332
217725411
217831138 231296222
217929918 238486849 245194114
217936452
218083287 201902750 207474089 235496868
218142515
218187902
218290869 146506495
218295056 214309024
218305082
218319162
218441113
218550366
218559725 225703707 229018474
218643955
218721313
218733387
219041225
219117529 101583076 227880183
219161138 33558235 28034160 51879630 241174848 241137553
219163584
219164051
219179914
219191216
219339424 203888409
219456508 41034058 147948404 144973202 201986549 222693505 234481492 235573925
219471471
219486297
223919903
224029490
224164582 137622666 173138913
224173052 229018474
224220423 191332048 224268067
224268067 164827683 191332048 224220423 225639800 245132949
224469008 135430515 152561590
224589624
224661117
224851325 200969083
225129663 138858917
225148141
225158554
225178061 173908145 199522638 211003686
225189912
225191067
225198471
225221796
225314928 65068943
225376859 172384457
225399225
225404240
225525112
225575021
225585993
225600918 169904875 203888409
225631654
225639800 191332048 224268067
225653365
225703707 180358274 218559725
225723098 222678864
225729528 125026650 136261391 155670196 156545305 159066399 179911148
225796790 207224172 217088177 233496105 248137054 245132949
225798840
225814319
225830650
225917295
225957624 132189275 162603231 180279753 184553835 193920876 207224172 215372795 245132949
225962404
225986175
226044548
226066195
226180874
226183725
226343798 180279753
226368314 165510009 197899578
226439461
226579511
226592428 87827691
226645225 90559966 154694933 188936080 201317522 237180637 235958475 242654948 250802705
226756359
226772066
226833054
226890072
226914065
226937773 195443271
226942207 236157174
227028305
227035138 176305535 176659324 217595306 236792506
227048176 132189275 155317567 162603231 180279753 225957624 245132949
227146134
227178262
227265561
227283105
227371398 241069011
227549610 180028775
227626408 195174972
227748578
227766411 142419473 159067466 240309045
227789861
227814371 235615121
227858630
227880183 103098356 101583076 144922269 153373717 186705367 192725232 219117529 237258532
227972254
228009936 51105339 72646167 235842367 251712440
228030067
228071846 165546672
228080238
228125796
228201917
228248272
228268063 148010431 229018474
228294142
228305846
228307346 136261391 169573893 248421837 252521949
228388243
228415307
228448856
228477211 202731344
228480961 140239727 233317988
228485001
228514682
228619453
228761833
228869282
228891876 150480416 182646906 189877871 194091925 212109500
228918580 186548359 195637033 200530937
228969574 238311178
229018474 153746465 182400423 207988472 218559725 224173052 228268063 233317988 240249180 240309045
229107101
235958475 90559966 140666001 154694933 201317522 226645225 237180637 242654948 250802705
235960787
235970123
235999137 223822752
236101080 235863115 245132949
236157174 62461111 157216485 156974718 169900641 181643724 211092642 215629375 214384514 219833321 231084044 230306176 242726244
236174471
236180600
236187431 235615121
236197879 135038646
236198921
236201615 195792825 210560936 221273112 229200571 232673138
236306103 215629375 230503428 241069011 242447238
236314054
236335036
236397887 170200644 203888409 252844953
236423629 158448217 195637033 213268146 212949046
236482240 247225158
236572187
236612066 161125196
236792506 176305535 176659324 217595306 227035138
236938270
236945712
236963786 122146600 137088560
236975574
236987949
237018906
237033607
237075289 202732198
237086273
237097214
237180376
237180637 188936080 226645225 235958475 242654948
237208830
237246292
237258532 227880183
237302680
237348678 239538546
237358704 222693505
237401866
237493249
237495614 167444691
237552696
237640962
237686303
237701594
237857387
237977674
237986748 138658273 177866936
238022388
229200571 195792825 197326231 210560936 221273112 232040108 235477677 236201615 241430375
229257719
229260217
229288884
229364765
229404652
229526955
229553589
229561222 181268635
229672075 222777160
229674693
229688474
229711490
229746554 195792825 197326231 215354260 221273112 232673138 232040108 235477677 238777440 241430375
229760795
229779395
230016546
230063585
230136608
230190133
230233974
230247766
230255292
230306176 236157174
230311722
230401060
230503428 236306103
230705541
230755442
230831158
230931871 137088560 145707766 202320150
230945418
230958480
231084044 173138913 236157174
231097111
231162663 146506495
231226889
231296222 239386271
231336620
231449453
231490509
231520105
231592821 122868343 146883326 161854498 171573009 181268635 185639550 197720166 194984472 202105247 206124030 200630451 234512288 237075289 240313063 241975542
231593337
231652156
231689623 205893869
231733662
231771938 146506495
231835129
231923453
232035162
232040108 210560936 215354260 221273112 229200571 229746554 232673138 235477677 238134517 241430375
232059036
232110944 195443271 246993607
232218149
232220015
232336883
232394164
232449622 235615121
232453969 65068943
232461748
232673138 197326231 215354260 221273112 229746554 232040108 238134517 236201615 241430375
232677472
232711730
232784091 101333020 222090573 240688456
232813622
232883174
232902604 242452903
232903156
232934127
232986729
232987289
233035111
233117209
233201301
233265794
233300489
233317988 173908145 190248814 214304326 229018474 228480961
233331910
233390754
233447875
233496105 207224172 217088177 225796790 248137054 245132949
233516821
233531951
233556573
233586061
233657960
233673811
233750594
233910383
233917131
233964476
233992389
234046316
234161104 241649155
234297210
234317131 169474805
234345097
234350546
234427317
234481492 219456508 222693505
234494237
234512288 151924477 187393116 202105247 202732198
234535633
234549090
234592252
234609716
234700094
234780074
234842657
234847642
234889699
234907033
234942468
235014103
235047303 195637033 213268146 221194367 248425751
235103536
235129958
235135780
235150817 173138913
235163554
235247217
235251343 146506495
235258671
235260412
235292035
235338878
235352219
235477677 195792825 206673192 210560936 229200571 229746554 232040108 241430375
235496868 201902750 207474089 218083287
235525522
235573925 219456508 222693505
235585445
235586291
235593282
235596493
235615121 103441575 187376458 227814371
235630436 190897173 197905321 203888409
235647992
235691271
235713498 65068943 181359424
235726664
235728260 167033161 176148974 186976832 249421122
235733311
235736029
235839884
235842367 72646167 101333020 228009936
235863115 245132949
235878048
235892820
241675122
241675615
241680488
241681695
241682497
241685534
241791051
241794404
241814704
241817055 199371098
241823648
241834480
241839459
241858904
241860427
241879020
241886573
241893453
241893763 170329489 241649155
241975542 144922269 161854498 194984472 200630451
241975931 241979820
241978290
241979820 241975931 242031542
241994851
242004764
242022991
242031542 241979820
242045746
242061986 122868343 146883326 187393116 202732198 200630451
242064153 151675356 154121822
242071077
242120258 146506495
242144011
242146358
242147174
242148213
242153782 217563061
242190281
242200945
242237434 146506495
242247551 97458589
242262923
242263138
242267556 97458589
242268644
242299973
242300064
242306493
242308421
242326651
239660370
239700252
239803821
239812391
239817785
239831644
239912515 173138913
239947037 154121822 195897576 193392596 213166876
239960057
240030169
240032891
240054890
240198876 222693505
240207635
240249180 182400423 229018474
240309045 142419473 159067466 229018474 227766411
240313063
240353725
240378435
240414241
240416278
240476921
240591077
240620814
240638016
240640530
240647331
240656928
240688456 197333710 232784091
240707253
240729794
240750497
240770869
240813292 207915044
240817895
240871418
240882251
240909870
240927842
240947163
240947574
240972342
241031179
241069011 65068943 177573943 227371398 236306103
241074671
241076485
241109892
241124810
241132433
241133323
238043858 154694933 176453765 250802705
238134517 195792825 197326231 210560936 215354260 221273112 232673138 232040108 241430375
238161057
238175557 236157174
238205986 18826215
238221938
238311178
238347124
238355497
238358355
238433896
238440892
238443455
238473846
238486849 217929918 213479541 245194114 252418550
238601531
238604359
238656728
238694945
238733320
238741683
238777440 195792825 197326231 210560936 229746554 241430375
238801390
238869694
238929129
238949266
238967614
238969117
238970537
238982387 158739633
239022616
239122351
239136249
239142132
239210653
239241115
239262316
239288028 170200644 169643964
239301828
239366814
239376276
239385702 212081588
239386271 231296222
239389921
239414865
239428065
239492121 222693505
239529008
239529712
239538546
241137553 33558235 28034160 51879630 219161138 241174848
241155056 222015067
241155664
241156162
241174848 36446531 51879630 210919831 219161138 241137553
241204081
241205237
241206026
241220173
241220980 146506495
241241431
241281892
241283311
241316366
241327371
241378423
241392750
241397562 188037296 207951957 239529008
241405668
241427042
241428094
241430375 195792825 210560936 221273112 229200571 229746554 232673138 232040108 235477677 238777440 238134517 249200589
241435312
241437682
241443508
241475700
241489909
241491532
241526184
241542517
241545110
241547490
241553591
241554176 170329489
241579012
241579337
241579860
241604927
241622340
241623308
241642501
241648821
241649155 234161104
241649341 135937890 153837014 161125196 192105569 200747208 201573498
241650816 236157174
241653133
241655103
241658918
241666756 65068943
241672641
252260090
252418550 213479541 238486849
252521949 136261391 228307346
252531911
252844953 170200644 236397887
253046592
253131194 134459502 135175282
253465529
253469872 169573893
253470587
253548914
253561046 208880478 212988292
253843680
253965307
255400913 221093547
255812416
257764435
260571906 244007488
261431398
269196165
271157981
271289254
275727790
276062488
276762951
277946251
244459340
244749379 131980211
245132949 132189275 155317567 160011902 164827683 162603231 176642713 180200776 180279753 184553835 191332048 193920876 207224172 215372795 216143536 217088177 224268067 221373939 225957624 225796790 235863115 233496105 236101080
245194114 204417841 217929918 238486849
245303516
245305512
245442054 139718581 208880478
245745448
246188673 87827691 193392596
246220244 247265775
246300985
246374971
246794456
246993607 195897576 232110944
247054040 223822752
247225158 222693505 236482240
247265775 195443271 246220244
247304899
247487355
247728410 147403030 203888409
247786889
247800931 146883326 200630451
247947669
248137054 207224172 217088177 225796790 233496105
248155236
248361880
248364057
248421837 136261391 169573893 228307346
248425751 158448217 182334339 178106499 186018244 195637033 213268146 235047303
248785477 138419919 145707766 172117217
249193470 161093208
249200589 241430375
249421122 235728260
249714727
249883589 135430515 197899440
250261341
250390198
250403737
250800456 170200644
250802705 90559966 140666001 154694933 176453765 188936080 201317522 226645225 238043858 235958475
251149864
251191929
251291024 175103792 178788567
251472622
251557804
251568798 157926364
251712440 72646167 228009936
251770231
252232217 215771553
252236163 154121822
242666602
242678880
242682092
242682277
242688355 242653277
242692483
242697125
242702958
242708076
242711162
242712282 242481418 242781110
242714424
242721609
242722258
242722351 202846381 222338687 237701594 242190281
242722991 236157174
242723925 236157174
242724285 169900641 206007311 214384514 224661117 242452903 242071077
242726244 236157174
242727003
242727386 236157174
242731811
242736647
242739321
242739687
242739869
242748346
242749215 217563061
242754022
242757243 137622666
242758009
242759496
242769502
242769679 239262316 241204081 242300064 242200945
242774132
242774433
242781110 242712282
242783047
242786697
242806817
242812053 18117096
242859009
243018490
243037419
243323892 153837014
243471338 182294175
243888606 146883326
244007488 147403030 169904875 205720164 203656572 221784439 260571906
244266468
244388139
242328033 223723106
242343802 242712282
242347090
242348485 242712282
242350965
242353738
242353941
242355492
242357382
242379928 155090708
242389309
242417418 146482825
242423656
242424465
242430470 235615121
242447238 236306103
242447669
242452903
242470519
242471579
242481418 242712282
242489659
242490389
242499040
242507371
242514275
242522178
242528422
242545961
242546163
242547614
242548268
242572622
242593718
242606874
242612554
242618488
242620840
242625143
242632160
242635969 137622666 146506495
242638608
242640272 242781110
242647479
242647548
242651663
242653144
242653277 242688355
242654948 154694933 188936080 226645225 237180637 235958475
242662447 187376458 230958480 242712282
