66590259
191217063
174160085
10955787
10548622
10081539
229923677
6490071
189010844
13542326
163239361
158449554
5787030
83924823
141780156
156172556
194825487
25282043
56047505
193282877
142778735
206487915
138607818
7978903
22365676
23650584
183951770
187381073
18259782
89071357
132149243
14567960
13813863
85357101
247168440
177873460
173277627
132591440
14682156
59381280
198050842
242724482
51413858
138426520
14933840
107966917
180618709
197270613
201651966
146664243
202507703
67536957
8764873
165241686
6403519
224208346
229797553
70866752
190569596
213450629
126906618
33655034
183341245
160288325
195491465
42282413
16048678
187763944
112915465
180023178
252681992
156704839
34200545
196773907
123673071
165904566
174679109
132340324
182536758
32606299
145140455
228766128
215199466
78335984
120636634
53445511
150344662
5245710
142449514
6630094
181676548
173128901
240004599
33113258
186611896
54748459
20805091
189032796
8854366
224419658
203948262
103213878
232413946
156610869
21547353
189462791
241808472
28874323
171181701
231600967
218599572
193791355
148417017
147816613
14973728
138234985
11843933
1268741
190589678
244967990
31953366
49866923
127019509
189492831
10418903
170342723
5661319
10774617
239599565
13255213
207724542
245126058
44465178
115703804
216330945
199528978
184961747
9608743
8160844
17900573
11016732
15038126
11541354
111649106
191381573
168615304
127131796
81876639
44725498
172692399
162283253
180846418
138980246
17409108
131641052
26709746
235360665
212750631
189903377
8812021
14537562
6058644
182418897
197215730
193408447
134485446
206353460
21817546
19615903
2657259
275037744
219808115
214288432
194278081
107926618
64359482
135080917
251830299
7247540
188924541
197169100
229329491
138655092
198055488
170437965
211270525
242115502
97671419
33906735
10111556
14039308
182080518
200947148
207722764
215200694
246559841
257878537
6635723
229960574
37750263
223816221
131948284
4537042
188867603
20461973
6522849
165059560
19355381
22154422
213657074
18257508
190859870
15165323
95236284
168459488
229078828
211870732
23081164
176009369
221859600
19809788
233509490
53039784
231286652
274697510
90804055
12997364
136330377
14731850
195754346
273447348
9344748
39844895
134816807
96490759
3808835
20729058
87830324
1691087
184901141
146744749
51361441
233470772
150830588
63349588
29413274
102929675
224816112
8155787
222006919
33734214
235023483
241348456
161172940
9603080
191697421
31733208
37300069
266181848
176330754
15001471
232639658
29236879
100231663
45205758
207868068
12312853
73864991
182210608
12850287
137823477
127466340
230375213
147149858
160525342
160518571
37135587
194429967
233418217
14365637
177336006
34955022
26742786
6033527
85460936
7728224
203582297
44651912
169083899
79378985
240183480
201873988
16695343
40582281
24604878
177186562
69067965
16243292
151904449
194972338
46648648
86327224
15008550
198480133
223728912
10671223
123192800
147354471
43319720
212151093
10592661
32608955
138084577
17697748
10260518
26455409
253240106
8276922
11782304
204695976
5795599
192962517
226980454
235978360
71667048
224277090
155604549
9037893
205066590
49039083
22229339
44948162
178681331
196915118
238189521
196898292
87234399
29328783
88002206
33324324
269656199
226936035
181801752
145375245
34144724
39111208
25687926
88212528
233194781
92020376
15609685
8501499
88686552
32547852
261125080
6375176
197143667
36277854
36590970
221405763
20199098
125438164
9784865
137808801
127752496
2040900
199732032
52659151
32790075
250310429
160808779
214374665
263320678
126696368
11574308
192210971
14306344
17382949
19593646
3166747
56450511
135360935
70804640
16726465
225793750
53636313
139381680
120682103
76545863
11631147
246494883
25886611
21732127
89630424
27399138
21522406
197560035
8347528
41086417
187789283
41371584
30772172
163479636
131950077
4916537
155983554
13679332
9475936
167618953
87880608
53394793
191368174
168240679
139860976
25833513
137776954
191317997
121767661
7399146
213389298
6846921
209836703
25807142
86264765
9517165
71778066
238813035
34649648
20745863
225738702
22076619
65696747
274304119
61822553
167622097
52035756
75718432
70071517
8079403
218208644
174023994
151402479
131581117
99238137
9191130
29107647
81258175
139941785
8239101
216989265
154968503
534257
77657155
82066626
204851948
43588791
219093820
189603077
31711417
150500968
4859677
227490107
237217744
183568934
7098757
271553574
112629420
235073916
12422844
7300179
172867362
187827905
57238841
177562701
32079182
10422921
17009354
95570410
44885334
11396994
201708640
165351382
10953391
194139384
223451403
221513128
169483114
29047434
229720374
165265922
19628100
16358434
16246064
18442830
73699417
221126708
181234491
199710649
52467421
885306
95682278
17139074
116757889
143892559
1837467
138848691
8037240
169202459
31828927
8090049
268242227
32760693
12389853
145383640
74745372
14216531
105431620
23354324
13771308
19154957
43602690
120698206
13492565
16202021
238696141
8921476
17102028
13013858
64546979
17377192
138124754
71010081
134602256
13641101
14780388
13927092
12508016
205834211
25481130
276663273
5824734
220418785
247783377
116617888
119344001
25488694
159237797
85388385
270558412
23840427
222421919
16909085
205490436
53919746
26225387
187514598
32613603
192896755
86646790
169126788
23832238
91466383
21034542
15020584
147171666
227501994
116522198
162964803
80900149
57025270
172769357
16657487
55769276
74631352
11866308
50483524
39008858
6081747
279529654
25263206
10112305
7159918
29724134
28063703
23101915
29901281
197295989
7817701
8808069
155434180
63310894
22243149
137908183
144405117
23562685
81068931
34104148
27621867
29240567
8738325
71279606
259590169
18449819
8118158
243608216
14340369
67974557
16707457
16131355
81447586
275557883
148135286
35546542
20828904
122686812
138730946
7239871
231913605
12802049
177799980
220735902
65663632
115692915
226106767
29807261
89099935
20894548
30472307
78163227
29378924
102670807
20630242
278276866
86272515
5786947
27233704
173088004
91284477
116103129
16288330
235900398
66644165
226814942
112600586
16965525
205681977
40445749
17694643
20383656
50317036
62662899
13629126
213157322
39576012
205020374
16889393
207776663
47649762
71624478
32420874
11231658
222968365
96154198
278778525
9789062
68275663
135085538
20555851
8588560
206704669
234419087
43538950
222368912
76574647
3659349
24243868
202342265
162399879
179909079
77012445
75665249
24693184
13425413
22865599
20735260
8187740
40502456
38486566
17869056
15928085
139253274
34719964
63884283
41766454
141920404
85313516
72657726
12949785
17260849
169009990
29037725
11221020
46883977
176948111
224421364
11824058
12129868
56188624
77693288
44228940
225869833
157725753
121407558
935123
96573087
153172135
88430177
205336002
40973704
276289778
208463804
59355388
77454934
99139728
45720356
63885888
16022632
138852483
3533950
30470231
142721814
20085052
51360013
16056608
23008846
47540534
13907234
228075695
64762298
23231451
11892883
137509712
53556389
22646886
27198690
22193544
94655492
23492191
47868238
151226705
11801905
162594035
18409868
164119289
29040483
53548939
157304468
198989807
13145671
43127150
208666263
214562394
36378990
243429060
8007512
45148403
280297120
152174517
16833621
43136058
41602155
238897760
103097124
14457245
204050310
91022147
155389075
58847980
119298177
72103238
116105569
12213683
199240706
8880538
91850018
151885627
96139493
20917770
13190561
28550294
23116189
9499849
102069719
37030250
273677561
60788807
23542011
86668209
20071191
201897381
20699672
33267493
21186361
98885054
19269369
177076563
52047821
16841919
134272002
19950950
15534615
13635560
20574308
232930234
150959757
167572209
9580287
20052928
109142904
127104189
7726604
216791201
14274412
172600369
107685701
37133418
27167314
15600100
23393565
22212107
7709423
267042129
207944357
133065873
46882504
25088862
107572841
32291553
8349992
11443339
133543139
17340634
43567903
23383915
100007005
50482694
193189411
20795012
123953839
231767102
3477550
219693116
25560591
91967657
4214721
25823498
9283841
21876467
38500694
28587697
57351496
4250778
120637764
31060175
138059707
266270411
277118720
147862920
12883323
16009564
18637309
90961580
83462475
262027393
24042533
28779332
108468008
81075192
100280964
9032806
202710071
104803196
50588361
67001786
204254794
27975614
167630096
181686237
19052874
51907029
14185914
134331317
95169719
195441573
117883951
144702384
191825835
25788254
21091859
18642650
39818406
21604123
58798478
29580410
70316318
70323208
15567910
58225743
49879315
166151050
29531760
2852114
97979438
9842373
23661093
28607090
185911014
239304537
61289007
18252896
29318510
19730880
17879583
88609833
80682950
235400884
81106905
73384035
52786452
143852748
122815137
135566761
39765150
16621669
45490630
21157833
123765380
6178552
39067802
26676596
206766629
136273911
79462459
74949829
11584660
23286782
84702088
14205689
267208433
15127382
63465732
219212166
232990148
36866412
134243250
134243750
238005091
138419374
49074362
28940873
25456321
132930208
136148626
233300573
244661627
104408590
217789198
24071752
196121814
174977714
103618020
71477236
114907786
11462342
25492318
68941469
198696464
275603329
55160369
245684873
54937916
26659393
35382031
16384496
208459445
62741712
193907814
80554275
193837439
31226231
86581927
39152166
76925319
38870454
12504355
47660699
218715429
12792224
20626782
23502045
97336325
142280227
25060516
22712999
233515345
131859768
34807646
90056790
53904609
70758189
152922693
101131210
166048213
75330089
163855214
141974758
221366394
30550235
76588280
6064293
24850088
17362452
97869689
200411561
99476267
29564476
39614608
36907986
50219535
74981943
203491986
150414890
26812010
172003582
153354067
28682676
15580784
33201699
212092996
120030491
7891191
144604852
190174357
177389188
207168619
23204924
233451637
121732082
142636572
6461231
108888267
151468481
16829466
38948324
127376904
25947486
41400026
118833216
6230241
35021688
186955966
43364112
89088868
9057072
145058120
48824763
114181953
131941285
67377455
193129601
20747287
28958619
168914228
21516882
46412386
145505303
15562060
14595346
60557591
62004848
20397917
43585713
37447565
6022653
152504179
62004265
82652959
8246809
129106734
8315840
46707291
72691717
209265760
138492454
18703883
14335131
184621199
50770733
134316230
47857060
24414180
252321092
225200306
22617069
20022252
59307957
40281902
69239155
229192455
14319935
19868120
35697751
28100474
56496508
22295784
98859714
15326634
19781181
13148692
161909366
7577842
55058635
195357690
18006632
133338058
14422828
80794925
32276532
197580274
38504906
52875679
96043474
141399751
19241387
224584374
77082315
19229854
13810719
39490809
87039113
66185782
148136928
9382767
132660047
5973519
151492163
18518231
23416067
215465492
10961105
85375576
40801615
103429141
18338988
57145086
16095243
135460463
216831115
118159412
11649944
27753228
10919372
90868522
17608597
68962543
26456044
200878741
133795121
36435884
24712994
23361621
164317036
24048646
8591069
41258234
9570637
26417142
56261946
28465697
94757049
17321296
25499938
8337159
234879800
140054414
10249597
22191922
138356747
44021326
19768845
243743094
90328659
44691422
8227355
183030485
25639518
32691003
9595557
64472359
247410577
61416061
32078690
14844722
11209934
139700650
54666092
148010478
19889072
32457159
50140576
224992875
254208553
20398838
15087777
24192354
74148601
17230453
30239234
18590909
21531822
54969022
133961469
123114316
16893773
181494181
17512761
223215710
23052919
167830437
58225144
21800048
56153620
23101649
191444004
146455815
77251160
80840665
24273108
264978011
18147869
28674639
30604427
239919704
153704936
64361951
17175040
70762538
28692064
241314379
8053168
43429175
67315017
123374545
51764254
68027881
14696347
133665688
133808441
13548777
143443882
86607599
70082440
52465127
8729614
101053579
16967602
55014477
152980274
90319475
16814211
221824593
205203412
34779898
32672801
9117341
38529681
7334326
5871126
18111826
165039040
29583889
177499990
46560882
24397638
71228852
29685470
46768419
37626668
269810941
62635525
86771655
21080793
64364780
63770716
134466024
23736925
134509946
13114220
12721549
126922648
8975333
105783798
85210540
17022729
17901048
139189029
158129099
190477679
42460829
210823872
17818122
36653922
16374372
70355783
150463530
21515810
34078951
24096547
17270802
6799256
51204583
181806463
71575568
33245427
208198566
93063198
49082485
16666525
39877542
16204798
22829123
142859200
21515972
9660753
16623274
210351245
92580714
111624583
62203770
3202901
24405794
206795570
19208850
89205487
104537507
226731049
45643118
194807965
30570965
39014652
37238616
6474605
26068518
4674318
135335220
55386566
6937561
21715288
118704666
27939451
23217502
20244695
97919855
43674443
217066654
191307011
69966836
67283693
86102368
230822651
17046211
76418932
21010464
6060624
22358291
18441299
68686141
8399621
86221381
39808603
63064478
78513620
65593328
23331176
21151800
10338064
150307836
118358316
277561718
104421657
41806095
16018271
11822701
111471977
126900830
50227977
45209930
44557664
18391757
10390351
32294260
99227351
13362378
121303789
10745114
19359686
41883663
217820658
59027307
224469620
23721119
90100840
11357768
20095190
239742128
31111689
15088017
136351218
113546119
18286301
30550923
79912921
21635595
41264437
98669418
21667627
48855585
134895195
135622849
225183352
66256648
27466084
71125182
39768261
156022875
14774861
72277271
37844414
112944902
38369604
4176084
230367562
183016732
85326620
30894103
80420752
213323996
44659949
56918351
17387916
159178328
103711084
22875131
198542689
20287357
27075117
9116055
60849645
89410792
5141093
106477360
176063898
245879996
58270404
87644825
22275627
51442378
26715954
20879072
65129568
15446831
124768667
278483042
18032995
50658782
42329744
86630332
213497544
156034410
89677101
71808512
166644556
17811717
179887510
45370860
26654572
33185536
152004950
36459245
183272225
241758995
191146233
163957557
137393159
46346043
19410416
136851762
69095028
30485598
31537113
17250150
63281489
21194672
6085583
8117993
226675143
89532846
16556240
163658770
160583830
36892648
104028658
95812809
228375178
11387153
132106611
19343135
20811015
10752648
196024767
49595710
28200434
20211404
77881143
61871292
164212493
50324151
123576395
124972326
174645208
107928753
18584681
87194980
31286443
22373728
101963479
201506427
114206565
8084316
129012132
39076623
242906920
16826948
112142534
9696450
17901735
66538030
32191246
109039130
161029855
8265543
40373151
36350334
66102008
6617376
30489698
62514168
11457242
11577240
96647101
95546831
111464202
110414231
82985607
134019676
103042119
61654360
78846026
7971904
119780917
101203150
27100004
30738767
193902708
53729396
68123761
132542013
19163864
68841490
19024454
18217772
13309039
182727416
175267996
189076803
84347679
231095777
18631208
138150876
21834742
6831876
152990002
120456408
119975305
197750988
29859150
105548981
9174817
116233749
24524272
53098685
17883882
111821822
171708452
16893725
40900649
10072051
111448894
24018500
29667463
173053069
66379094
4761437
96088540
3977114
150332958
170335552
172183985
29803574
68914532
26033860
19582206
29624110
80853311
29273845
8577884
206275935
143289361
175678789
181192409
151449318
30391430
33537143
57020030
28889265
10926792
72306082
218240250
83415618
112904260
89651876
153803326
20744658
92447249
151419236
152933361
12323235
18330100
116299853
239905663
24890226
55815648
17469622
10711100
13633147
141856303
133813858
8300700
80731813
46354092
174086126
70766879
189487848
6525846
14296167
17200011
137783429
150236193
13857365
65189284
19756473
44674619
26139039
67259880
10783616
79899720
55862479
13359356
20465358
45404394
80463990
171594162
62357827
30008455
85633790
190097803
220106702
10913025
26420496
52125760
17047485
251196763
10318197
55543244
99203463
147744526
125770762
24203944
13072504
19149294
156467052
132277165
119355520
124349987
61631470
116101270
52121551
19605240
172508804
77568187
34758776
195671960
55580446
19328763
145762087
6503704
260420572
12086598
63719855
182422617
218426960
50992132
12196685
141970778
15997244
36450201
133955977
124968977
86802727
33503297
132975880
196073466
8167750
223116058
132891685
243920458
49744216
67637964
17421242
19557968
7970246
55789979
87188489
23102561
84746068
85326068
161944876
36003755
85648086
21522710
28693008
78552614
6237493
133775667
74527220
16617651
54944158
103864529
91685389
55693030
10387285
63760933
16349729
13513947
139882206
9944431
87953676
154226986
21602663
26419474
115773136
167169852
220285332
69023260
193796020
11824619
207404469
21850565
137800239
200987809
14091740
114019678
69944802
20317646
158571729
85193581
88273871
48238810
145764702
21138327
167189901
261908334
52477408
26340559
4552616
7279310
27929056
149027043
41388372
46440986
26898433
2775404
128902643
40581921
115178499
11983065
14800780
136348038
10707593
117700213
25034595
167446870
51951370
22505353
20898603
23222743
15814824
17591033
84446532
186333077
50536455
99437510
85950942
168304613
151283216
101670997
55162082
32071301
142566202
167123801
33532367
114484131
31422513
182492191
218740663
106321292
17690868
142518622
170315515
84623702
121565604
175402742
225578986
52548834
67412148
13357725
41061434
53306779
11949056
106221048
123069841
74757267
19808097
23262109
9325712
197878281
10346782
62959168
70690839
99884470
191380539
50459428
11930457
19150462
21440741
62538461
87050154
111210602
26381544
1531819
118810280
44126532
135565780
59078621
233960966
29321187
81814624
151754706
25795801
240580652
29814317
209687157
28480269
23054956
16174845
186528336
110365640
155067283
78710076
49707832
70831442
32959041
56502104
24259094
44333505
120423948
107426088
100079622
99657793
24511126
72237499
192902820
127992217
34179340
18313490
10826229
11404775
80309964
136401603
121352994
5922037
24480022
30228459
91997314
146829837
16187073
10202478
64216601
37285871
93530962
139927643
199761433
184526890
15028317
20743204
84518446
132311556
6252767
101453646
156792228
8466268
56756287
132793623
61123887
100952933
6146377
15147235
21342804
57787054
32145277
229120889
145579523
19259398
24077897
78003527
20079795
43696431
53865647
202443984
63193663
259081992
81017979
27275094
21926695
72815869
20753217
51066868
70600976
160283099
18298764
132907971
23417774
33877860
78225209
154247588
211161102
13685712
22365408
203766262
125012191
73053103
29745714
153646717
15889841
19595385
154598268
68719025
172207448
207320893
79489121
28625349
52180203
43694877
35588761
139076505
204818096
10169388
24095892
88640058
23112560
121647777
142489986
177708869
114136025
63507269
131656916
95763620
177678976
29538793
138906686
20788884
17567733
66931877
37077345
72801037
84554194
19057243
12951066
134707138
20261688
140816516
49629905
134003122
158245619
30052863
103053819
16474937
18118277
118944326
77742477
68335634
11780271
28910758
13399020
112151151
11091192
51498522
261011882
27196403
159420032
169096171
17902994
2048656
6028455
19134908
69790209
118498005
101797234
31238770
216087266
31248139
18393000
52934235
18456117
36447225
43790999
31970244
82266522
207315930
154694002
136664513
8361990
55316321
24886663
93306006
134640791
214926246
51545626
216983007
223785545
135844241
29768622
35670522
14953835
136158637
40141177
23142279
109045085
107095752
68343274
29126687
23662279
21808496
12938868
45906685
93424780
246760667
90572404
66685154
34799986
96548119
228603859
57194405
131769588
32645362
26831987
68767649
10754123
39014025
22668109
97162381
33778752
240226174
161872211
20160407
27499118
17528146
155176108
49780623
47726340
161799685
140952308
115770495
88054873
23375718
72776689
18089683
57699769
140154246
23049609
76012851
123370580
151830705
34900189
52729288
140401931
124818082
89809055
137050274
226064560
14952471
125678633
150483426
14730863
10692990
5454107
65051597
14208052
201197528
54525578
71624350
24638502
22515002
120661041
115480356
27828274
101135085
121502210
20055358
82032853
15797535
76579616
12240239
21245413
151370122
22904313
89360519
64604055
17969744
11989043
67114142
82230722
15320579
11871349
25634592
16083887
114503172
169459320
13654234
55861016
87794352
18324679
14428529
243023723
25380818
145644997
27365922
89750665
27374416
8556643
24804924
135663021
109383632
61673142
40120583
86766753
167446800
135272143
24146135
14190881
31881411
62270342
34263417
75479224
9394863
27240243
11034623
51008743
86291375
33693225
2491677
26359516
36567994
211761202
64274008
84807318
125854035
55912035
24339949
91882600
80977145
16438791
11426240
17314222
81310481
9802431
181267950
15806670
10269734
222196643
144256773
113549741
58064976
77233496
55260121
186314820
204770711
28886955
14501720
20189552
79161236
72548420
127740592
112516484
99624260
108755389
134673500
124247948
138884401
138922463
24553939
8197983
151229268
53849825
28790275
100413795
11815061
22804208
86626971
38868613
13514278
54837758
14652677
30728660
62945209
152599511
173871839
37840331
111693534
54928102
14190416
83229219
23602514
46303072
71698045
105290474
14444135
135414175
117564345
53304761
137560069
147166912
12587447
68399092
20716106
78776658
32678013
147656093
206143959
177895830
8842093
6934565
15823533
15011731
27953465
20225104
184547103
159817300
54399993
215076036
123567448
166099540
210751532
52807208
30453931
7999898
161725572
125427225
16894094
69168632
24838853
13035766
171397384
15654007
10885348
146042011
232554818
6304418
200626839
26700891
27096777
6157232
55365073
105153825
22576833
88508234
27431595
40663794
21317249
96209071
47912695
22370618
31891743
113346961
24042284
26286538
84320915
125691193
211500518
192418868
103889753
18857631
155130041
56345209
138842038
62835738
12342663
135578580
66012180
11416212
87476636
19128765
34842648
219192880
98586452
139080761
159582322
10347551
25528080
172510972
42107137
16376137
5236659
41115291
143189717
65656635
29386437
148716049
48523882
244416434
98393917
13934662
21902798
48406640
138602680
47034005
57520488
77789876
77276180
118104693
24281130
87063787
50314387
139956465
75355761
175134621
92480492
18314137
122480552
150403195
66458207
95683080
121883752
11853106
204935048
21219336
93969865
135505060
24091368
193842878
11517653
276106796
17778134
24748464
34658692
15391084
138056226
32036742
27438602
159730693
29066001
147658677
26311365
99795519
88520574
262225005
57581977
152927824
172045102
49504191
22526907
61365352
37569847
23012366
53651925
93793477
143384945
15723159
151064032
242911072
83581739
107961298
157882515
9655640
99818212
206542159
62348497
232339800
24834259
11704877
143933504
63995737
97724947
136670263
31256600
84772603
61833930
18623180
92565819
69705707
13630206
22580139
34114617
8057624
178852388
65733766
144259206
10594197
11174861
221569239
22638692
14280262
53802818
9412460
11974105
78333475
62871073
221833498
63514098
14756176
72560786
17368619
45278358
26560097
13981249
55276559
22523032
109749073
210560815
31880243
44838345
17863383
83119840
109489791
28202266
23392015
230355255
244546442
22491637
21337905
111090050
10333069
106367578
23103692
32515665
74415796
56082950
73944101
53039687
86950471
57303834
140332344
139651146
134517725
132850064
242759037
130036878
13488699
44412275
10882299
67051882
268316969
61065522
65646515
17196845
70155457
14829960
69615044
27461708
24040824
165444825
9504042
58708061
134942323
10367332
78305179
21090879
230190767
82966741
178786776
147748362
5511888
55280544
219377930
99897276
76720251
64550511
156118890
82868200
113285217
55261289
45762167
221415957
243582248
31787226
93550458
60311464
70137115
231924490
161059666
53008892
137862506
50062715
62880904
7049749
154886302
122139736
223283528
142107645
30325656
181612979
138595794
170654436
254044417
45310693
44440625
169359327
110119537
97256665
12005263
157054078
30344991
103734836
178156527
33067292
134775921
19598023
93622988
14054552
165774890
203122079
68493676
145192701
126031311
192217254
172418098
133598011
19338468
50889836
86580169
6554722
132181183
135603679
237963159
194615590
9420094
51826141
166039989
29495089
126161051
125851793
19146439
20519284
116417959
50715622
143560328
196035508
16946137
29910089
10440039
171562533
30538418
8270154
67131433
21738117
90195189
138619587
141753103
77727355
35679177
14787094
20709251
19836022
157095617
51997983
136675697
182520245
68178527
274696126
151887915
52554318
54453595
123566794
52042091
91781978
21752678
146872876
134422940
145469965
115763103
19914876
73910348
80186417
14404687
143233224
48709936
67210251
19313517
34512178
163347021
25065654
56608048
22557574
8421947
15890464
151964443
22232722
108988655
76523749
86771306
61104817
136909697
71357826
27356499
122213196
89396953
29561188
22560572
34127352
18448894
25493492
31144882
44279439
196749670
39735821
85076288
34621600
182495731
20079154
41060476
35594626
40946285
142084333
151502501
92131889
17553740
135750572
131515961
27776233
28423925
17074715
212996206
112954286
84743276
23351181
125577527
94579554
32623281
13745256
19764120
232852040
225870583
56205409
70160086
72157440
236803541
42651062
86408741
84974714
174571168
39477617
22280102
63792725
32029192
132089766
173896903
58371221
46435082
244421468
37737716
168479566
161764390
156623558
20522160
23963198
21364393
56611050
180321445
168701221
31733405
195094327
16794934
144470796
14405940
105123287
47968004
18797931
38657258
229138724
15418931
97721659
163516088
98446080
18444939
227377299
70021438
156266634
60658276
83579404
32275903
15031809
139041762
132435505
11016715
104697447
144194538
249901806
46967304
118333768
259798136
17022112
55264486
51750935
16020739
147576520
44175732
81032527
136846114
95201021
17915049
79328295
15989715
133392129
184317919
119244620
33900515
120758667
142592645
150101395
51643515
171814969
237624291
14601972
122526172
17105704
64424409
206466469
254899022
153367239
6756683
145123
21422555
139920321
144371451
21047199
232826764
5067148
133668333
173707456
70305423
67607239
9569868
89717091
162865849
26669673
12532868
13617115
214016184
107692922
131370078
11033967
150621769
216240068
16177724
55197548
11459945
31215224
20753634
51411705
21519394
66578770
75905085
89586755
28394639
19896797
44257766
12556598
24379577
55100632
92454694
71639667
94184523
31338353
154097310
147644794
52194683
115813226
61714987
22174071
16267048
7366187
91175361
56141377
181110845
7861475
29239877
140132445
46562542
18001061
16652066
126157096
65550761
21055532
220838356
18076333
165807158
28442986
17945099
39517434
91981036
195563434
23608212
59168340
56147131
16593648
194888791
18877998
127059618
22724339
85785458
24045055
35511553
6562965
178602249
9434128
13664719
194877922
22767692
194767004
59989023
59774208
121926105
108563587
243555777
42271371
13848979
132739719
11346345
118453409
223227637
139735274
111654194
132086516
181541158
216846031
57417961
19271653
3244560
195693819
27497505
121926149
37940180
99350140
23167134
239581036
49902007
91334500
45901670
9788457
140783876
77610878
60702900
58179152
33615536
133898141
21697457
10663355
85298294
19551338
140471063
17784697
21774120
142103417
108156453
164108027
238464912
136339658
33515744
133953277
36889052
8745515
38945503
21548947
196462886
107749483
34076713
91128363
257126994
17744860
143475493
129187943
31516382
163687063
192325582
223706885
45379043
22164837
72423326
86812780
121341897
154326345
35754414
64337806
38960563
85733878
13270378
21043475
190305745
63060969
15898013
58134828
23852433
75255783
25896401
75214051
179480849
7648450
87531256
28447099
137933956
77616510
10111988
135575381
11538492
25921840
45396739
652362
218934580
39050276
14828635
24399777
78539075
49275518
25536645
21115563
86892945
162506484
126651802
61880459
50887166
68019621
173364341
53413105
37739615
51468274
41057773
5577549
2507896
41539527
16739378
22724091
18900604
73127793
14159171
83366470
63973240
21188824
13332156
134637489
81699654
153239583
11249747
183820221
12451935
12781765
247718008
155284843
140316044
220076955
29856835
23551189
57028524
144644642
132118605
112705297
175146659
79861113
41769159
136239869
73801037
70118797
247435139
96722095
22098340
135303030
30343641
140746438
40099608
11664046
17747903
132455033
27973966
150741354
35174908
126835057
58275218
90764604
37294847
29394084
25042312
154715326
24199289
116008477
7547258
189502893
146911703
47607487
32336288
25083818
14791713
55950126
118694414
124207521
32547164
15360754
75568479
13626126
3762777
151613123
225453050
136252112
63203429
7028063
190342709
145582058
17896622
78687628
10274560
42434681
11365341
186823066
48088206
23250740
31292940
43299356
41184800
96712551
86950108
131779681
74423197
166669797
62496311
53051792
33547844
225451487
26976460
172609972
122787427
32873644
143324912
16344625
54681695
34010590
73459692
140069330
17918964
18408829
36568953
43483944
66139776
128252579
23630665
61194625
163229877
92865324
17750638
73287393
231478184
134709348
167102966
195181298
121552612
227541713
52845912
41439636
109251029
51078962
93030238
57752016
38331233
76673282
259728400
59197899
111492450
10275006
30890053
29107272
175760293
93327027
105375326
155547679
55351430
153339928
251659335
271189355
11297426
122787494
62334910
140247465
181674500
145014108
13493102
155257966
63808572
28457654
53268744
111034017
12984026
20372609
245802784
69018066
120661310
21647075
133570010
82371374
131882912
122449789
43606695
51185873
20029289
33923772
95147738
107239258
69938123
29348132
165440837
20102267
12602156
113259213
110282321
180734449
70518316
63363736
15881361
31458775
6760257
30469327
24509557
104571040
15796301
194168070
154676676
43014531
28128843
211696051
165750578
91606875
173805785
9354571
137558012
19816125
147435028
26933566
116418615
18388896
53376155
165145101
51493332
19003707
151795257
29051456
154318951
35244034
5820288
72383941
222568295
13124746
18879171
14867040
225015291
14076245
201313038
186096014
21349664
198348625
30072771
75288137
139134277
16089735
22252482
22531561
138926306
10549651
198675581
27550949
222570351
19129437
164555386
27631413
18065314
163537232
99370095
80093774
34295129
29414560
144154771
134843973
65266913
23749222
136293812
176896603
19244973
250691360
24276151
34129214
13393321
183620196
24131623
176688045
21163678
29375739
129646108
251933244
33917310
21690329
123210015
9869205
44257803
23195860
16729360
18627712
153510809
123158160
150516766
217522981
159910958
81798928
31947668
134868867
20661283
22438209
45145284
82963885
51167717
145202091
23763629
44704044
31743033
52708431
28719955
13940110
134941936
43540511
10661268
16893675
141564265
82867314
182145570
31989301
122535476
133667456
203907997
95532876
46576222
126815501
14309902
34669416
145765805
201600558
160410270
30607138
61686288
118647220
123801974
21031514
22720120
232141809
31966351
21724017
87413693
253317956
76280574
81577010
137343855
51128951
152934263
165886139
15318237
27496875
18052700
37080137
122130022
525217
14566013
153985557
55326328
56256518
162915166
252400207
72460610
139730728
224490777
123781273
118926895
207024984
89656747
205198283
153658346
9735622
126147015
102177038
86844198
93732445
75882071
184844022
199626464
32672968
65074038
30065907
143509608
222784503
83825419
194345147
28580589
248708688
105955095
63657961
37570602
152446592
174763717
122564056
54396965
120683905
95190577
8754572
29274857
31318340
181634523
269406148
210501634
221216945
33613848
75283419
105642744
32087924
19276698
136422225
25072480
212109013
39946743
48437549
208667475
86453487
232178568
30626904
151985728
32786116
227095025
177155177
250231039
180741911
160977375
23721343
16719747
98472117
166316482
199048959
80128132
144249496
85542213
42232092
176932634
19440199
5303932
20280570
168913780
63520349
40346013
183686385
36752403
8984346
227589522
156813610
212636301
96739303
11167927
17423498
29704649
84073607
76990592
206748881
66731335
11062395
10121599
11529751
272457327
113327188
70418159
30698945
20912440
50185745
121094923
224356108
124035042
52396341
89525832
156390345
98274829
74620822
70857922
181146045
137072505
77192652
37145258
47422734
52161783
196776251
70742960
215655461
26180318
16453297
143175873
50967676
204393888
15723472
19924507
27497743
126713134
62931252
19023755
13631684
12173003
169985081
188228055
98366890
44979429
40583516
34276952
169982051
22564092
19923959
61698682
140934177
83764402
158453485
21420183
72886729
193119950
128708835
16187205
99101862
39835184
64993187
150578409
43727942
62593339
23271223
12962097
4157691
30487348
113956170
72020716
185942495
251053692
164341579
21266600
72134721
8061693
95369674
29665647
130786425
22024178
21063621
27133182
44932035
75552687
158352180
131937856
67165814
138035239
17402223
34452900
28718770
190199037
73104864
141204839
85541594
46877383
15663287
181408476
52598699
109521395
20200543
93633920
137194334
95637695
13438969
132678690
92045131
16393555
69783015
10208359
203299739
8167956
65284126
120797523
235185261
21464377
114585307
261117641
4415771
49345471
40599530
121250099
30278561
142456546
41556229
34507771
13869801
108646240
16061450
28713685
30603640
143686933
153211982
128451746
49330325
67023823
15308804
246664294
76269279
138468731
33704981
180652266
153977278
21856780
29554123
123585077
49649276
18882686
31244608
229599454
169116523
3435971
4913618
136073017
101870269
40945246
133358161
70078021
242037902
12025074
26869592
116815992
196125984
27699759
83786506
150528985
70132661
51767648
109601496
159364400
30796880
207623714
206030082
11342623
49734279
15916415
22093763
200782495
21385924
87453326
60415253
14500786
161049089
254616483
7540340
172450604
36633903
229346758
136252653
221715400
25139574
140496144
228023753
56367216
167600918
30103743
68494465
198910019
43469209
21105572
26503131
74162386
114101496
70219374
127767281
27906485
217997743
75295612
54318990
58158722
50773026
18780236
133781879
187253138
202692235
25941360
133056669
111863228
30020129
132937344
132530875
156909665
140032771
92329032
83556492
147020093
65915244
227320572
138844986
9421886
209447761
20791447
217204729
100970898
168797971
16229496
102039014
213815565
131766788
50774908
217691666
54280352
156381209
273231837
129635348
167019599
161235316
58734074
138100458
224239969
84765814
20593979
15638791
110804593
12308511
14758395
16581340
143484393
10157231
219883558
143037978
79821822
82401763
61870444
18075832
76004532
210411668
54745399
23857372
133275647
112083883
10859029
24730323
14022326
161184087
126698189
139810350
167404050
197367918
71104870
32697950
23187573
81438018
17055202
102140413
241511245
193880892
140378374
33129028
146933348
37304750
61663566
65537468
222145684
29025342
87872138
123887901
126756432
238160741
158620153
201827760
51522829
182238010
91495555
18054513
153522789
115224282
230320543
16636734
151745853
172041960
150367510
67895660
104367241
62330057
172951254
37158044
137188008
139125387
126781654
28766731
49397553
171214142
235695778
52662133
155874507
117393151
25251397
19203895
86082695
7412613
191778347
157860576
174069956
21000941
118445375
176640334
25763642
27963102
37280386
245311662
69826417
137711062
187220208
2398823
56658620
235243925
32719051
26877296
103713008
33388669
30631268
13211181
69740826
137555951
65402457
10009980
32059202
63871645
65034029
147767512
97595161
126804883
10664067
34047509
50115257
234476426
96743631
84136454
76694732
53036813
148605959
13350258
83669875
64529082
14730295
22623518
152728127
146906228
16788068
15038017
60901936
223259867
27738653
26222115
151734139
162583629
152376603
161033161
99039191
143311379
18279672
90312902
134554951
122732408
175232400
27509946
22923064
62787570
51720977
127695694
29414622
161385907
28672243
16395523
133801159
178797619
27188138
115003556
18922613
56249545
97267735
7561145
13042993
17835938
15208812
53740297
31533103
87676251
18671782
19105037
58715724
