25107
565423
597174
727241
933853
944828
1249371
1297864
1437645
1517199
1554671
1876945
2020496
2021802
2063202
2328918
2344104
2462397
2483157
2522413
2567811
2659412
2759096
2816481
2989076
2999898
3105358
3313178
3589122
3831491
4233308
4293443
4316708
4537249
4686927
4746493
4759135
4949781
5088271
5200027 16870658
5200811
5250658
5377724
5474320
5482496
5722135
5724051
5769089 27854321
6045140
6095141 249583594
6127246
6376519
6450775
6624447
6688311
6769469 22620981 22563273 27854321 29703637 162752293
6773209
6846813
6864894
6939544 7529461 13443757 100979802
6940577
7143431
7297419
7449857
7529461 6939544 7961032 8136859 15609698 18029958 17697527 16870658 27854321 28733111 40985756 39800502 98671027 145666563 176746423 209864649
7531246
7557502
7767117
7866347
7949240
7961032 7529461 17697527 28733111 40985756 39800502 195451060 251425915
8071065
8080550
8083548
8136859 7529461 27854321 251425915
8153393
8518017
8573284
8626996
8947092
9174538 121714236
9260882
9308609
9315648
9417689
9535692
9549788
9589526
9889902
10469007 16870658 96338872 137554730
10518118
10648854
10674118
10717171
10912127
11172350
11469223
11538672
11740725
11818492
11847623 242275315
11955306
12006838
12038293
12088487
12284458
12841047
13024861 13487774 16870658
13094736
13177233
13257498
13324310
13443757 6939544 100979802
13487774 13024861 16870658 23084847 34697607 137554730
13489925
13636345 20024426 23949630
13721288
13801166
14063785 22563273 27854321 188929561
14192579
14249207
14470955
14735237 22620981 27854321 251425915
14796022
15028048
15219671 27854321
15589199
15609698 7529461 19563372 176746423
15730043
15978633
16316608
16320643
16376626
16458165
16583113
16592834
16738099
16741017
16870658 5200027 7529461 10469007 13024861 13487774 23084847 27854321 58682194 58967843 57389675 72285018 76802877 105653561 96338872 138171478 137554730 160817388 210828878 222259537 251425915
16877579
17158107
17301355
17528436
17697527 7529461 7961032 28733111 40985756 39800502 251425915
17855585
18022425
18029958 7529461 27854321 98671027
18097929
18121655
18189426
18441707
18573223
18745060
18864910
18895485
19022307
19315560
19513039
19548398
19563372 15609698 27854321 162752293 255295414
19565662
19649418
19840049
20024426 13636345 23949630
20100589
20141559
20158632
20245523
20252281
20300580
20750841
20900473
21123735
21319418
21417356
21655671
21874648
21881880
21926160
22260102
22308603
22405379
22491707
22563273 6769469 14063785 27854321 29703637 162752293 188929561 251425915
22620981 6769469 14735237 23524511 27854321 162752293 251425915
22751793
23084847 13487774 16870658 58682194 137554730 222259537
23391910
23524511 22620981 27854321 162752293
23653719
23660295
23733450 23949630
23874923
23898074 29803751
23935996
23949630 13636345 20024426 29011083 28636815
23971817
24195363
24652260
25073070
25169305
25214224
25244762
25464587
25546890
25717635
25907812
26516912
26803072
27160488
27854321 5769089 7529461 6769469 14735237 18029958 16870658 15219671 19563372 23524511 22620981 22563273 40985756 39800502 98671027 162752293 231880958 246979115 251425915 255295414
28582889
28636815 23949630
28733111 7529461 7961032 17697527 40985756 39800502 251425915
28747189
28992611
29011083 23949630
29057523
29135846
29418535
29703637 6769469 22563273
29803751 23898074
30018846
30311459
30392760
30651496
30675652
30789432
30797562
30826211
31235166
31427352
31525971
31809423
32048802
32050180
32160595
32267123 251425915
32354336
32444993 224308489
32493914
32563176
32789539
33153324
33311788
33470388
33530869
33684871
33818693
33838882
48445023
48519027
49142522
49353305
49491723
49839623
49933552
50298099
50432157
50484236
50597312
50762091
50978712
51107685
51593528
51630743
51640078
51780340
52572429
52584706
52629048
52698570
52777200
52828110
53416119
53914222
54599358
54722590
55695655
55930206
56348557
56439513
56717920
56889191
57041232
57044940
57047504
57083241
57389675 16870658 96338872 160817388
57563549
58117816
58234305
58613495
58682194 16870658 23084847
58833511
58967843 16870658
59035227
59077677
59150412
59265931
34085517
34523551
34640624
34697607 13487774 137554730
34893539
35053459
35099885
35260314
35640714
35947286
36371527
36906379
37175303
37177924
37345339
38000733
38011509
38144285
38270779
38872492
39054807
39468757
39800502 7529461 7961032 17697527 27854321 28733111 40985756 251425915
39844353
40138612
40300374
40325833 251425915
40370529
40376849
40937395
40985756 7529461 7961032 17697527 27854321 28733111 39800502 224308489 251425915
41128624
41496493
41759852
42046265
42598689
43088735
43141278
43441885
43525332
43631912
44142481
44377330
44903350
45495725
45970677
45984989
46301287
46534946
47046205
59293926
59381252
60076334
60152943
60167854
60937826
61372592
62174186
62230783
62371120
62514699
62609296
62679853
63179316
63451808
63831836
63834880
64454296
65255633
65444878
65604887
65606059
65833368
66141853
66183841
66533433
66618439
66910491
66946982
67374248
67416964
67664003
68512813
68560674
68567985 98671027
68577210
68690305
68795527
69012648
69018400
69060092
69181282
69388977
69988866
70653843
71146684
71285081
71331225
71361400
71438940
91360434
91719284
91855520
92053135
93165455
93293432
93797747
93969122
94082878
94089626
94230894
94346978
94988107
95364969
95389763
95542422
96131989
96247802
96338872 10469007 16870658 57389675
96442945
96778450
97297709
97922769
98180250
98400770
98457719
98671027 7529461 18029958 27854321 68567985
98811329
98834574
98915709
99278463
100034956
100089379
100283694
100347270
100628683
100648494
100979802 6939544 13443757 251425915
101123715
101759202
101778668
101803532
102276963
102570728
103867744
103886238
103972238
104308670
104371999
104683838
104952709
105030144
105102022
105437840
105653561 16870658
106223680
106387322
107955807
107965659
108786413
111078648
111251264
111398554
111696921
113274460
113938225
114170300
114451469
114752883
115093981
115283099
115810156
116408275
116621345
117481424
117547230
117766163
118211609
118483791
119925019
120604501
121089354
121510132
121714236 9174538
121814219
122098822
122186459
122579251
122730894
123115170
123117814
123646631
123724751
124287993
124517327
124645894
124651891
124704554
124966329
125032716
125807943
126309193
126583412
126785347
127077917
127475424
128632054
128901392
129620147
131572485
131683070
132448079
132469098
132530579
132656342
132783450
133004900
133083689
133216435
133357241
133464809
133709036
133730647
134305877
134326483
134510620
134913759
135143488
135313311 141240915
135329231
135332084
135413445
135500093
135606288
135666142
136006153
136067562
136071521
136154442
136337598
136547868
136674636
136954780
137045186
137056274
137144779
137295994
137302917
137418270
137433302
71706584
71883062
72165213
72285018 16870658
72734418
72892999
72939118
72969594
72986323
73507032
73871515
74100229
75735536
76228081
76234922
76268485
76336983
76802877 16870658
77596940
78882357
78930195
78935180
79088584
80561255
80657913
81718889
81774619
81970901
82307575
82641888
82923687
83562583
84376506
84818750
85053483
86113163
86323212
86353700
86524544
86642511
87139211
87413916
87449640
88073941
88160321
89512874
90327812
90374179
90560689
90588883
137484746
137554730 10469007 13487774 16870658 23084847 34697607 222259537
138057910
138102579
138156155
138171478 16870658
138204552
138323813
138522103
138612951
138781198
139149707
139240691
139243038
139458514
139523555
139571594
139683828
139922587
140061618
140149472
140740454
140745029
140900409
141240915 135313311
141592907
141638429
141942525
142087608
142101222
142181332
142379226
142401210
142409902
142426623
142618505
142747302
143072856
143121196
143186754
143220084
143334015
143565459
143696894
143786107
143786289
143889441
143953926
144317389
144703319
162127025
162291965
162451981
162613528
162613810
162752293 6769469 19563372 23524511 22620981 22563273 27854321
163429206
163785171
164052344
164407269
164424646
164494707
164536731
164701867
164898275
164981818
165004904
165029006
165163262
166628114
166930877
166979771
167064404
167142914
167534426
167842497
167919554
168248386
168847626
168983560
169008826
169241617
169751966
170026457
170656622 13024861 16870658 34697607
170823677
170969765
171124743 199153407
171249668
171291147
171413602
171420660
171427186
171467291
171837968
171842392
171856622
172012080
172015385 161900877
172388473
155954845
156101202
156319740
156623387
157238227
157341985
157415913
157429209
157694184
157745440
157749905
157772355
157830579
158020654
158088436
158222914
158246131
158434202
158672220
158790090
158839113
158883665
159030107
159116352
159264632
159429555
159475889
159538081
159657713
159777769
159800386
159850365
160022903
160066461
160362784
160662377
160677303
160723814
160790847
160808719
160817388 16870658 57389675
160964251
161020468
161052118
161439335
161678844
161679450
161900877 172015385
162009827
162017335
144719469
145202707
145342420
145430681
145482399
145666563 7529461 251425915
146114613
146671898
146739850
146750228
147026785
147068913
147158085 255216767
147522105
148370292
148400156
148930697
150397851
150447549
150531380
150567826
150614320
150788945
150868261
151160766
151312960
151395420
151421177
151500667
151875800
152075572
152193528
152267776
152473024
152648910
152692363
152701458
153202130
153452270
153800843
153845593
153901214
154000298
154125517
154580132
154759529
155585363
155832924
155874867
155954744
198530022
198539943
198712066
198890121
199039888
199153407 171124743
199459030
199464621
199484879
199505090
199690351
199694373
199908627
199929444
200318685
200359280
200385151
200492876
201109455
201410420
201494039
201692938
201840628
201846475
201948371
201957029
202580501
203255211
203390732
203459135
203485096
203883323
203969682
204263767
204350895
204358074
204376383
204836281
205074360
205100073
205156823
205181842
205373563
205978226
206071206
206090759
206413070
206576769
206610718
206626529
181357299
181528612
181745782
182070956
182233528
183028962
183056218
183413209
183472253
183672207
183811518
183859095
183986796
184451120
184530127
184665746
184744485
184931610
185311834
185326643
185474590
185984507
186361738
186434664
186773769
187105738
187111831
187241062
187328588
187512824
187576902
188226205
188230319
188299067
188368985
188589960
188685746
188728155
188839623
188843943
188911935
188929561 14063785 22563273
189067888
189206627
189696909
189706152
189959259
190069683
190089812
190591557
172442634
172700663
172878117
173081874
173126165
173132047
173390340
173718834
173761965
173996363
174120751
174255424
174439202
174536229
174722448
174895798
174988798
175343438
175560265
175978255
176339274
176425487
176511091
176746423 7529461 15609698 199459030
176803225
176859209
177248018
177491215
177760498
177987419
178101660
178117218
178161613
178292366
178616331
178950424
178980608
179187059
179219229
179533196
179587551
179685577
179753704
180082383
180304907
180566777
180573068
180764690
180993785
181111816
190795635
190949766
191013636
191378883
191506787
191567460
191599263
191719517
191836363
191882603
192344009
192393196
192435625
192641425
192734576
193073113
193455705
193518542
193546983
193701292
193735064
193827988
193849675
193906944
193964896
193984709
194119669
194341687
194594170
194612444
194703725
194728786
195167833
195413173
195418304
195451060 7961032
195537733
195619074
196042702
196080238
196082496
196102157
196494332
196753362
196871708
197914024
197922939
198096877
198191468
198212865
206662864
206843760
207084523
207513524
207764434 17697527 28733111 39800502
207784812
207801715
207892714
208095312
208147612
209064587
209123674
209367166
209754029
209864649 7529461
209963465
210556661
210773241
210802959
210828878 16870658
211445314
211496666
211685538
211898637
212129940
212178266
212485885
212523393
212651704
212863761
213225700
213588765
213647723
213673784 251425915
213676148
213689765
213816056
213908938
213999622
214278253
214283859
214313468
214339208
214522792
214617132
214709678
214787082
214967329
215100520
215112090
228913020
229082984
229115834
229215114
229248792
229374523
229473515
229527399
229559151
229616581
229707790
229897466
229981750
230070179
230074714
230412002
230496522
230521266
230591208
230659501
230662694
230758158
230793588
230830183
230933003
230947327
231062654
231064965
231280651
231311416
231436114
231727034
231733133
231880958 27854321
231947963
232178365
232193262
232193443
232238170
232528225
232708001
232760940
232818388
232836175
233599862
233948426
233990837
234015039
234026904
234170911
215291918
215353781
215359977
215369213
215394744
215594897
215609945
215952605
215997324
216001130
216097160
216441854
216474505
216485317
216528016
216595308
216788558
216874699
216888921
217606404
217641683
217700979
218184723
218200766
218312371
218561163
219113909
219601507
219678557
219749695
219801274
219888176
220094352
220154185
220322649
220565998
220730721
220778402
220964205
221151863
221265629
221274834
221678816
221727718
221874310
221899481
221943151
221967881
221986662
222053795
222065163
222226951
222259537 16870658 23084847 137554730
222369425
222436793
222659995
222679072
223150731
223570241
223839557
223912177
224207373
224293087
224308489 40985756 32444993
224373785
224558663
224761087
224837621
224919208
224940980
224964863
224968332
225654102
225672817
226082778
226154106
226218648
226610148
226674606
226751803
226824593
226930370
226962480
227110962
227423536
227477706
227691430
227834700
227905540
227979290
227979314
228103804
228150036
228261735
228365444
228531140
228677015
228727354
228743183
228785459
249172987
249248018
249294490
249355803
249503666
249583594 6095141
249589540
249629951
249644420
249690559
249692617
249740890
249791372
249809802
249839760
249892089
249958961
250127445
250151679
250212820
250387915
250394539
250440337
250485580
250517925
250758010
250825196
250829687
250909316
251017547
251053866
251113584
251219398
251277641
251331490
251365217
251377830
251415519
251425915 7961032 8136859 14735237 17697527 16870658 22620981 22563273 27854321 28733111 40985756 40325833 39800502 32267123 100979802 145666563 213673784 234655823 246979115 255295414
251441456
251496717
251497169
251540429
251629993
251801283
251805360
251917404
251938653
252040673
252183255
234336567
234349541
234376097
234514002
234589887
234655823 251425915
234765345
234775929
234821420
234831089
234838078
235229789
235367327
235417372
235760423
235774366
235902277
236065879
236095096
236210293
236362351
236424830
236488252
236505239
236801057
236860170
236866701
236972967
237246852
237299841
237304363
237321097
237327266
237860484
238200920
238271688
238514160
238537077
238602240
238622410
238659007 16870658
238719326
238766534
238875591
239148179
239340844
239344935
239459980
239476070
239548762
239589162
239704195
239786470
239891271
239988455
240032105
240371884
240397786
240400709
240713082
240765012
240825081
240833364
240868409
240869057
240917016
241097099 248487385 253271866
241207230
241538334
241863459
241938030
242275315 11847623
242303174
242458010
242554486
242653033
242676873
242812175
242827952
242921483
242965579
243028902
243078196
243126177
243208378
243337889
243388662
243625171
243796475
243867507
244006866
244033797
244037326
244044856
244082350
244412606
244445755
244451448
244900062
245215526
245216812
245218508
245410016
245469693
245520184
245661151
245677568
245700853
245843025
245904383
245921943
245992771
246028081
246043558
246108744
246268047
246274724
246409626
246933581
246979115 27854321 251425915
246997111
247151717
247238615
247256859
247345174
247562523
247589866 179219229
247867099
247944048
247989659
248087801
248163624
248205127
248210797
248211579
248311083
248480433
248487385 241097099
248510614
248880500
248971260
248989282
249018986
249055325
249065710
249095596
249159013
249172410
249172636
249172826
260372564
260374696
260384061
260470579
260519067
260530000
260547237
265879130
265914181
252265380
252316828
252480942
252564937
252582232
252694638
252747363
252829117
253011943
253041493
253271866 241097099
253274785
253313277
253323424
253345733
253408761
253439121
253469268
253493309
253599335
253655335
253676305
253787512
253865544
253866139
253866485
254069138
254078793
254126196
254187226
254205829
254206325
254209155
254211092
254226239
254227214
254237049
254240906
254262544
254312785
254366669
254375504
254421289
254483901
254523310
254557544
254586947
254591634
254616082
254672892
257502094
257615449
257940154
258135724
258204770
258278073
258326479
258417921
258520965
258537273
258808056
258906780
258930386
258931708
258963516
259217177
259483481
259511513
259591053
259627008
259654937
259736007
259759299
259763424
259824047
259844753
259846573
259859467
259874499
259877543
259885418
259892722
259941479
259946796
259947287
259954210
259994613
260142256
260144822
260165421
260168733
260172027
260196758
260214841
260271702
260303851
260325420
260352509
260370761
260372015
254681007
254810248
254832104
254869372
254947785
254951175
255109758
255212272
255216767 147158085
255250357
255291899
255295414 19563372 27854321 162752293 251425915
255329744
255335505
255355314
255425760
255439734
255499767
255522850
255654447
255695857
255785820
255797132
255815526
255856231
255918221
255924365
255979653
255996158
256015960
256057148
256073015
256086499
256133149
256173528
256195752
256208989
256277159
256403732
256416632
256462437
256470219
256500106
256521419
256592842
256658066
257072643
257164965
257352077
257405705
