139825
154520
437740
625832
849752
1188843
1242632 2301719 21782393 33304654 63482444 69218917 100063522 168510150 174842025 182130185
1332146 200802743
1340010 6638572 13728589 17233623 22182633 28910625 63482444 58789527 70619705 119439841 131318203 132100973 158732458 170047140 198337217 235095460 234682892 240032129
1484847
1547861
1710331
1728763 25938069 133433166 154120929
1740923
1791178
1837670 35089884 41503991 165194799 179432755 197953526 216743339 222337490 225908272 237653235 240816274 244296735
1851828 3399679
2006066 2301719 12528323 22182633 58155689
2106157
2301719 2006066 1242632 12528323 36204893 182130185
2394969 155629192 172191285
2565178
3087961
3095602
3399679 1851828 14785435 15961574
3511026 12528323 36639589
3686671
3733167 29640897
3820221 30736882 233408295
3895328
4022986
4047496
4285492
4299383 12528323 21246748 131318203 147848764
4431495
4485891 37393266 49735122
4601429
4810694
5236362
5244078
5450265
5644243
5755547
5924570
6006093
6039760
6221056
6225335
6237434
6493348
6534696
6566916
6605979
6638572 1340010 2006066 1242632 69218917
6703066
7225306
7269334
7271027 99392177
7430948 33304654
7484246 199622444 224764765 240778561
7489860 174842025
7548681
7595792
7918299
8062467 22182633 85870229
8122030 12528323 22182633
8159580
8468774
8491341
8579386
8605143
8764866 235307759
8774479
8868914
8871812 158732458
9179903 132100973 235095460
9222510
9260751
9473570
9500053
9554108
9674945
9896421 14222098 14195264 12110832 14736724 18051188 22182633 20288794 27787168 30845974 29772548 31914938 24633538 33134536 40928014 62294747 98627782 95084048 135602396 157461192 187007677 234167824 234150799 233811110
9921988 22182633 235095460
9951445 28910625
10019169
10295214 19008504
10334488
10349220
10358005 169342980 197588417
10454183
10500092
10541080 22182633 21782393 28910625 58155689 116866543 132100973 158732458 170047140 170323358 174842025 198780324 235095460 234472365 240032129 244629403
10642361
10685725
10701730 57252460 165052430
10755721
10783253
10908646 3095602
11063375
11112795
11183489 5755547
11209825
11318996 199622444
11431084
11450478 13992796 14195264 28910625 85823515 86961128 143009013 171007994 222123707 240816274
11474657
11495588
11624327
11895546
12100624
12103462
12110832 9896421 20288794 33134536 52733022
12528323 4299383 8122030 3511026 2301719 2006066 17878782 36204893 44366513 51906542 132100973
12626302
12632353 141682048
12644903 252491940
12695332
12990591
13072464
13085267 25702679 109375088 133143714 179910537 226066012 228382287 235342446 240778561
13099884 32244817
13106038
13142339
13404198
13428589
13444633
13453868 133143714 178446288 242453036
13506809
13519436
13669992
13688447
13728589 1340010 158732458
13748513 158732458
13805376
13934396
13975769
13992796 11450478 70619705
14034576
14195264 9896421 11450478 29772548 24633538 40928014 98627782 95084048 135602396 191059911
14222098 9896421 95084048
14268678
14313878
14332012 144244215 200173891 240778561
14364192
14368333
14590049 25702679 109375088 235342446 240432489
14678301
14714056
14736724 9896421
14785435 3399679
14822099
14855376
14908244
15039507
15898393
15914920
15961574 3399679
16212660
16507451
16583973
16748460
16862257 184683051
16923502 171585533
17009613 23265605 143649947 226066012 241383603
17233623 1340010 22182633 72464543 99139609 131318203 132100973 142477609 235095460
17250073
17315112
17780020
17837941
17856617
17878782 12528323
17940762
18051188 9896421 20947966
18208148 23482681
18319529
18350206 208097990
18563754
18591284
18781245 81592620 90053066 143699934 152151161 200667913 239994893
19008504 10295214
19205326
19226726 28910625 132100973 235095460 240032129
19300832
19365594
19486335
19534819
20022927
20221512 183070635
20235797 99429676
20288794 9896421 12110832 31914938 33134536
20331381
20339225
20545457
20586911
20597750
20638988
20705807
20947966 18051188
21201511
32685114
32696632
32718306
32826024
33006862
33057518
33104314
33106272
33134536 9896421 12110832 20288794 30845974 31914938 98627782 135602396
33193166
33196958
33304654 7430948 1242632 56515292
33572183 10541080
33592350
33604593
33621364
33670520
33940592
34018393 233811110
34183564 22182633 21782393 28910625 30830091 116866543 105486196 158732458 194600372 234682892 234472365 240816274
34327756
34334975
34654708
34973416
35089884 1837670 98590294 155897763 179284282 183070635 181278599 209235036 213687489 222337490 224253488 226823018 233811110 238742115 240309813
35147768
35529305
35585173
35905806
36019134
36204893 2301719 12528323
36212541
36639589 3511026
36857561
37074169
37137728
37209681
37314117 28141614 25565297 71209963 232225661
37393266 4485891 49735122
37416808 22182633 131318203
37444191
37655828 203564490 228382287 240778561
37928192
37942124
38077026 22182633 131318203 235095460 237715140
38128014
38192770 118268209 240432489
38459276 22182633 246380962
38749217
38823906 226066012
21246748 4299383 28910625 198337217 234472365 240816274
21279337
21375508
21485250
21517465
21531479
21627602
21664323
21779044
21782393 10541080 1242632 24227176 158732458 174842025 234472365 240816274
21794274
21797560 197588417
22182633 8122030 8062467 1340010 2006066 9921988 10541080 9896421 17233623 24227176 28910625 29729028 31471308 38077026 37416808 38459276 41652217 58789527 72464543 70619705 85823515 100063522 99139609 119439841 116866543 131318203 132100973 132401447 158732458 170047140 174842025 182130185 191059911 193355866 198337217 224253488 235095460 234482416 240032129 244629403
22400811
22503815
22801864
23265605 137993329 233811110
23303720 95469683
23424845
23472261
23482681 18208148
23628184
23845029 28910625 136868782 234472365
24132942 142804438
24227176 22182633 21782393 28910625 131318203
24266782 145485919
24302153
24423181 131515789 235095460
24469480
24505777
24510430
24549446
24589599 133433166 154120929
24592624
24633538 9896421 14195264 40928014 62294747 98627782
24769044
25056186
25140044
25265284
25323558
25452806 240816274
25497272 179285838
25565297 28141614 37314117 71209963
25654688
25702679 13085267 14590049 25842377 25868088 93838212 116064664 106167418 130405978 125927734 136868782 145838372 142321753 170686575 171976063 174785872 178864138 179285838 177882546 180667202 188357508 192180799 205086981 213421906 218563770 220633056 235342446 233811110 239390407 240739450 240242614
25751640
25816410 234526690
25842377 25702679
25868088 25702679 235342446
25938069 1728763 85888789 98590294 133433166 138601025 172041486 173742499 217572713 221649410 244140497
26164849
26239215
26305777 103426768 124208432 130782437 126343743 133143714 170686575 179285838 197588417
26495021
27024570 39658315 93838212
27230376 234150799
27607408
27702853
27716363
27787168 9896421
28141614 25565297 37314117 71209963 166967073 166930514
28245120
28635097
28910625 1340010 9951445 10541080 11450478 22182633 23845029 21246748 24227176 19226726 29729028 31514042 54514684 72464543 70619705 100063522 119439841 116866543 105486196 131318203 132100973 132401447 127814418 138520251 158732458 165785637 170047140 170323358 198337217 210542895 213573503 214675954 222023489 235095460 234472365 236196504 240032129 240816274 243796550 244629403
29314950
29503184 28910625
29566590 133433166
29619860 183070635
29640897 3733167
29645159
29653274
29666596 199622444 224764765 240778561
29729028 22182633 28910625 189455538 240816274
29760900 181278599 188452318 234150799 244296735
29772548 9896421 14195264 40928014 98627782 197536088
30153775
30155292
30198310
30345755
30374713
30502040
30682268
30714398
30736882 3820221 38956992 62581835 133143714 146051226
30760250 132100973 234472365
30830091 113111389
30845974 9896421 33134536 98627782 135602396
31188887
31223717
31274905
31471308 22182633 222023489
31514042 28910625
31607526
31830449
31914938 9896421 20288794 33134536
32244817 13099884 42928489 234526690 235825712
32280612
32427157
32533327
32534252
38956992 30736882
38991233 155335801 165194799 233811110
39107634
39626158
39658315 27024570 93838212 138990996
39903513
40113569
40182737
40425067
40658294 92281301
40694877
40928014 9896421 14195264 29772548 24633538 98627782 135602396
40984165
41027127
41056272
41338710
41503991 1837670 98590294 142777776 226066012
41652217 22182633
41661767 67091439
42508753 235095460
42818354
42928489 32244817 158732458 233811110
43477377 126739447
44366513
44397974 11450478 22182633 21782393 38077026 182130185
44704347
44983723
45155263
45293290
45427379 89195222
45587296
45749445
46273244 234682892
46336758
46416122
46820433
47142949
47369848
47473584
47793816
47873551
48335143
48735966
49033127
49186342 25938069 133433166 221649410 224764765 240242614
49265965
49339388
49361415 199622444 203889666 240778561
49641492
49735122 4485891 37393266 77450576 161154657
50223509
50298324
50999949
51253345 240506779
51438795 186104912 235342446
51641165
51823674
51906542 12528323 79534430 138520251 234472365 240816274
51951163 240778561
52093082 147326626 160435228
52119773
52142654
52167511
52561953 67091439 89291065 109375088 133143714 150545611 170686575 181418354 199622444 208649702 222493491 233408295 241602173 239784622
52587638
52655199
52689477
52733022 12110832 133143714 240778561
53025184
53131610
53215081
53444909
53534521
53618497 189455538
53751559
54158487
54323643
54514684 28910625
54542131
54718470
54740149 154601485 183070635 235342446
55420917
55489516
55851451 181418354
55891506
55945902
56028863
56256751
56466679
56515292 33304654
56792195 160520213
57179548 103426768
57252460 10701730 28910625
57375785 134047403
57432275
57575997
57675587
57730182
57791395
57906191
69735192 168472246
70094689
70199426
70201692 233811110
70261979 138601025 217572713
70411200
70501605
70619705 1340010 13992796 22182633 28910625 79534430 116866543 132100973 158732458 170047140 198337217 222123707 240816274 244629403
71209963 28141614 25565297 37314117 232225661
71255895
71395568
71767166
72145363
72464543 17233623 22182633 28910625 131318203
72680175
72775572
72790656
72892484
73349483
73582941
73619700
73749742
74018493 84165760 133143714 184683051 189650664 200173891 233811110 237445748
74411809 188188112
74701990
74919938
75951248
76048880
77019721 222752560
77107862
77189769
77212350 240778561
77450576 49735122
77490302
77763226 118268209 224764765
77767790
77924612 235342446
78095339
78453578
78471696 234150799 233811110
78526349
78533626 134335783 238222989
78603545
78953456
79207345
79291952
79472485
79534430 51906542 70619705 158732458 234472365 244629403
79810126
79859646
80132016 199622444
80459581
81091532
81110798
81275730 233811110
81315143 174785872 197588417 205086981 235342446
81352110
81592620 18781245
81669356
81972696
82050019
82282295
82290417 199622444 240432489
82403900
82962892
83266182
83356223
83427821 13728589 233811110
83434645
83671929
84071738 169543955
84084810 235342446 239505864
84165760 74018493 142321753 178446288 177882546 232492388
84238497 118268209 240432489
84292794
84485174
84591815 205851278
84669302 109375088 179910537 209235036
84991640
85083236
85189711
85662291 173832544
85823515 11450478 22182633 132100973 166056642 237715140
85870229 8062467 237653235
85888789 25938069 154120929
86030378
86146033
86239952
86528622
86566905
86727970
86863032 105486196
86961128 11450478
87117142
87275533
87551302
88178588
88317670 221649410
88563480 146051226 164911991 221649410 236630495 238542851
88625723
58155689 2006066 10541080 234472365
58630425
58789527 1340010 22182633 99139609 131318203
59334721
59838715 22182633 174842025
60595816 145161532
60720263
61447194
61655524
61778063 28910625
61861759
62294747 9896421 24633538 98627782
62345949
62399611
62402426
62550741
62581835 30736882
63009157 67091439
63201292 133433166 133143714 154120929 173911651 183070635 226066012
63482444 1340010 1242632
63762961
63877485
63982250
64195205
64494886 124630651
64658543
64726225
64839726 234150799
64992810
65162243
65868153
65966722 133433166 221649410
66036750
66056388
66123046
66177543
66558564
67067773
67079872
67091439 41661767 52561953 123311894 183070635 231226629 239390407
67379559
67380318 143098551 233408295 240432489
67406093
67608744
68155258
68653294
69149501 247828424
69218917 1242632
69451839
69508416
88737532
89195222 45427379
89234626 109375088 183070635
89291065 52561953 109375088 134335783 133143714 183070635 181418354
89740766
89838486
90053066 18781245 222320188 239994893 243718120
90169786 232365081 233811110
90249756
90437087 233408295
90536169
90604310
90727914
90832827 228382287
90848281
91557837
91894820
92281301 40658294 165194799
92576753
92667126
93838212 27024570 25702679 39658315
94228404
94574018 187288997
94599634 197588417 234721037
94651276 160562801
94904380
94972621
95055794 196805691
95084048 9896421 14222098 14195264 98627782 135602396 157461192
95089737
95469683 23303720
95561101
95568616
95767600
95789417
96292430 181418354
96319421
96427790
96488428
96858043
96863578 25702679 173832544 223894093 235342446 234721037
96890791 26305777 118268209 134335783 188188112 226066012
97272790
97289566
97429219 138601025 196067721
97478713
97551208 233811110
97833992
97849193
97883180
97901504
98213336
98590294 25938069 35089884 41503991 118535897 179284282 195272745 234150799 238742115
98627782 9896421 14195264 30845974 29772548 24633538 33134536 40928014 62294747 95084048 135602396 234150799
98804350
99139609 17233623 22182633 58789527 131318203 235095460
99392177 7271027
99429676
99652061 27024570 175086124
99669871
99697676
99743325 197953526 240432489
99801214 154120929
100020298
100063522 1242632 22182633 28910625 132100973 158732458 174842025 198337217 234472365 240032129 244629403
100424157
100511292
100585313
100737383 134335783 133433166 139582827 154120929 190167657 226066012 232039273
100909059
101461843
101554465
101775603 131318203
101845589
102005404
102058007
102396222 209235036 235342446
102817821
102864272 130782437
103426768 26305777 57179548 173832544 183070635 235342446 240778561
103443427
103475090 142549914
103822356
103865473
104195475
104224624
104285237 140169177 239390407
104320344 109375088
104395855 153807698
105486196 28910625 86863032 132100973 158732458
105736371
106115128
106167418 25702679 235342446
106816753
107308529
107409193
107615310 239226800
107733780
108077417
108441767
108810584
108876310
108883845
109113396
109120114
109318827
109375088 13085267 14590049 52561953 89234626 89291065 104320344 142054337 175991661 178864138 190247140 199622444 200273962 206440268 210735640 221752543 222687760 224182965 223848912 231226629 228876226 235342446 235693130 239390407
109398931
109927247
111217890
111224766
111631114
111975032
112110733 134766281 142777776 196067721
112421178
112829329
112936219
113111389 30830091
113220346
113340259 233811110
113427232
113976494
114189531
115143997
115991480
116033136
116064664 25702679 183070635 240778561
116143076
116462480
116657160
116818885
116866543 10541080 22182633 28910625 70619705 132100973 170047140 198337217 235095460
117031605
117179375
118027954
118173313
118268209 38192770 77763226 84238497 165475949 199622444 207718476
118437194
118535897 98590294 164911991 183070635 234150799
118985066
119181890
119439841 1340010 22182633 28910625 235095460 234472365
119495819
119658023
119680238
120018919
120214442
120230449 235342446
120234383
120447816
120622004
120635969
120662522 175086124
120966850
121123912
121311580 141803335
121675095
121832789
121850715
121923970
122089098
122174536
122271476
122428875 227844172
122600323
122855772
122857955 174785872 240432489
123234119
123311894 67091439 233811110
123510556
123660397 240778561
123911502
123993543
124093378
124208432 26305777 155879778 238542851
124513051
124583830
124630651 64494886
124708261
125152148
125236779
125384824
125422407
125748351 145733135 238742115
125927734 25702679 235342446
126032721
126046889
126288843
126343743 26305777 197588417
126565946
126643746
126695224
126739447 43477377 163443535
126777384
127018267
127814418 28910625 131318203 235095460
128101028
128165352 164077594 169342980
128650772
128924668
129102069
129119800
129125114 233811110 238338541
129693893
130405978 25702679
130782437 26305777 102864272 155879778
131318203 4299383 1340010 22182633 24227176 28910625 38077026 37416808 58789527 72464543 101775603 99139609 132100973 127814418 142477609 194379185 235095460
131515789
131540375
131561369
131574443
131626009
131708112
131717807
131802664
131872507
131913463
131975946
132088125 233811110
132100973 1340010 9179903 10541080 12528323 17233623 22182633 19226726 28910625 70619705 85823515 100063522 116866543 105486196 131318203 158732458 170047140 198337217 220019796 222023489 224253488 235095460 234472365 240032129 244629403
132381475
132385608
132393549
132401447 22182633 28910625 234472365
132403305 134335783 133143714 228382287
132539383
132616276
132639118 172191285 172041540 233811110 238338541
132641118
132810970 221377640
132835451
132907887 224804102 233811110
132965157 134335783 133143714
133143714 13453868 13085267 26305777 30736882 52733022 52561953 63201292 74018493 89291065 132403305 134335783 132965157 145161532 157007374 155657068 170876698 170686575 173832544 178446288 180667202 188188112 187583623 186078039 190167657 190247140 188898857 189567578 198568833 199546229 199899467 203813134 206985985 209235036 220633056 221649410 223894093 228168426 229124043 233811110 236630495 235693130 238222989 241602173 240611116 240242614 244140497 241767967 242453036
133237828 143098551 143009013 156788675
133278475
133317458
133394672
133433166 1728763 29566590 24589599 25938069 63201292 100737383 162936833 164911991 173473819 173911651 179284282 221649410 222752560 241842147 244559606
133461087 187220204
133623782
133634538
133740789
133860581
133884226
134047403 57375785 225069588
134056805
134075574
134088074
134158249
140230544
140310478 234150799 233811110
140324625 179285838 196306632 203813134
140327511
140475725
140505122
140648294
140702065
140928110
141228159
141280436
141374695
141403156 197588417
141407790
141505881
141576570
141594645
141648019
141682048 12632353
141684609
141707975
141803335
141901182
141904015
141957727 143009013 144244215 157007374 205851278
141960691 180285022 232059626
141976525
142054337 109375088
142073652 187518169
142147084 167328484
142167513
142321753 25702679 84165760 209235036 235342446
142351214 151971642 193671736 205851278
142352397
142434087
142444608 220548030
142477609 17233623 131318203
142484396
142549914 103475090 186104912
142777776 41503991 172041540 209837435
142804438
142833417
142895052
142910345
142941657 161916974
142946671
143009013 11450478 133237828 141957727
143098551 67380318 133237828 175435885 197534563
143197669
143248763
134224114 223894093
134243755
134335783 78533626 89291065 100737383 132403305 132965157 133143714 145161532 238222989 238742115 240611116 242453036
134455122
134555469
134604484
134617267
134632381
134679443
134766281 233811110
134792169
134846229
134893536 144425700
134923841
134923865 234150799
134964059
135108338
135165326
135172137
135193716
135321831
135360524
135457999
135519736
135559219
135573826
135602396 9896421 14195264 30845974 33134536 40928014 98627782 95084048 143649947 233811110
135654220
135682109
135715496
135818331
135847602
136016434
136051247
136065139
136119041
136151726
136177522
136199418
136217073
136415491
136567891
136612247
136674258
136739114
136768700
136868782 23845029 25702679 235342446
137102963
137245698 140033819
137293908
137341220
137383366
137391241
137419058
137451835
137455756
137494474
137497464
137533081 154473730 212487077
137561433
137603047
137673675
137756483
137853198
137908724
137969060
137993329 23265605
138035889
138047598
138126820
138138072
138150629
138174082 133433166 238542851
138248306
138374613
138494252 9896421 14195264 33134536 98627782 95084048 135602396 157461192
138520251 28910625 51906542 222023489 234472365 240816274
138601025 25938069 70261979 162936833 217572713
138767048
138780870
138971495
138990996 39658315
139005089
139087583
139160219
139202109
139242151
139245537 174842025
139265197
139387754
139488363
139563631
139582827 100737383
139632943 25702679 235342446
139666033
139696710
139804238 167635190
140033819 137245698
140065705
140169177 104285237
151824353 195253355
151828423
151854611
151895036
151896963
151898366 176257794
151963538
151971642 205851278
152019221
152059295
152151161 18781245 200667913 239994893
152196757
152219798
152222867 238742115
152276327
152327430
152363879
152379791
152398638
152426527 150545611
152640543 67091439 238838746
152830149 235095460
152854060
152870076
152900904 145733135
152911530 26305777 183070635 235342446
152924019 158732458
153076620
153081098
153324849
153392437
153424238
153457940
153478407
153495368
153616406
153682030
153698905 150628548
153730085
153742660
153807698 104395855
153809683
153821868
153854759
153855006
153970366
153991852
154062283
154120929 1728763 24589599 63201292 85888789 99801214 100737383 156879181 157007374 164911991 179284282 197360089 208649702 221840563 223778348 228690113 232039273 230370962 231225762 243297680 244559606
154124676
143273418
143397631
143459106
143649947 135602396 144244215 226066012 233811110
143666657
143699934 18781245 239994893
143713451 183070635 234150799
143748347 185386077
143921377
144049280
144181056 26305777 193141015 199622444 235342446
144233575
144244215 14332012 141957727 143649947 224431351 233811110 238338541 238742115
144300324 235270663
144331738
144425700 134893536
144445243
144449752
144554225 226066012 224502629
144649699
144789889
144801184
144865025
144949487
144976467
145054039
145157071
145161532 134335783 133143714 150545611 155657068 183070635 182871036 222752560 222473061 235342446
145171562
145276515
145300921
145364591
145485919 24266782
145573229
145712871
145733135 125748351 145852779 190167657 196067721 203257359 209235036
145818005
145838372 25702679 171826718 183070635 235342446
145852779 145733135 184683051 186104912 190247140 222687760 233811110 238742115
145886796
145970080
146051226 30736882 88563480 150894558 164699209
146083382
146089465 188188112 216743339
146120169
146131303
146236813
146338730
146494090
146698666
146808604
146836342
146992740
147014670
147152148
147156680
147308689
147315879
147326626 52093082
147412720
147442305
147527440
147532027
147566653
147567681
147848764 4299383
147993812
148004297
148116852
148150658 202635586
148307553
148406550
148545138
148878857
149043175
149151306
149159910
149420525
150130017
150272375
150318509
150545611 52561953 145161532 152426527 188357508
150566199
150590353
150628548 153698905
150874827
150876589
150882263
150894558 146051226 164077594
150907359
150955457
151091524
151148948
151158182 217572713
151163183 234150799
151244201
151429657
151456508
151567955
151705843
154272028
154285425
154432131
154472549
154473730 137533081 212487077
154587332
154595330
154596493
154601485 177881612 207541488
154706773
154708299
154890421 143713451 220832902
154968657 63201292 77763226 116064664 133433166 143748347 164911991 183070635 196291057 235307759 241602173 240778561 240611116 240242614
155078313 133433166 221649410
155186149 161916974
155195174
155335801 38991233 228841003
155378168
155520294 194778296 201460468
155629192 2394969
155657068 133143714 145161532 173832544 183070635 188188112
155677236
155712259
155782254
155852353
155879778 124208432 130782437 175298622
155881659
155897763 35089884 237282298
155995094
156075654
156234982 171170770
156240936
156308887 234167824 233811110
156309964
156348726 202885694
156379417
156399257
156449735
156511930
156553561 170323358
156764195
156788675 133237828
156829643
156854685
156879181 154120929
156879733
157007374 133143714 141957727 154120929 240432489
157043442
157167586
157183934
157221742
157287645 233811110
157357858
157401579
157429738
157461192 9896421 95084048
157639551
157862382
157884956
158026816
158156145 7430948
158180508
158349655
158379309
158389494
158426896
158538172 166371407
158732458 8871812 1340010 10541080 13728589 13748513 22182633 21782393 28910625 42928489 70619705 79534430 100063522 105486196 132100973 152924019 170047140 182130185 198337217 210542895 225069588 235095460 234472365 237715140 239165705 240032129
158755629
158782518 171928589 168524197 174338842 179285838 208649702
158795909
159014513
159095669
159187921
159195217
159243545 136177522 201460468
159309093
159314922
159397512
159466231
159608867
159654786 22400811
159703195
159713126
159936365 26305777 133433166
160052687 25702679
160156891
160227614
160394096 177634703
160415171 25702679 77924612 109375088 203257359 235342446 240778561
160435228 52093082
160440347 134335783 226066012 228382287
160486480
160520213 56792195 174785872 235342446
160526351
160562801 172830020 208649702
160616232
160772294 120234383
160782247
160829426
161036497
161154657 49735122
161192167 229108867
161197426
161257752
161260787
161443848
161527037
161553675
161566220
161668949
161771297
161837216
161887294
161889943
161916974 142941657 155186149 174338842 185386077
162088024
162127385
162303197
162411334
162438311
162545980
162561968
162616898 210220686
162715167 200563911
162826650
162861878
162879675
162926031
162933016
162936833 133433166 138601025 171826718 183070635 226066012 228382287 240778561
162947699
162948842
163152355
163160100
163169851
163183740
163295158
163325235
163372762
163443535 126739447
163536253
163580455
163638547
163660933
163674087
163713652
163794656
163854972
164048569
167398071
167486352
167614946
167635190 139804238
167691463 132639118 220148585
167723298 173911651
167787024
167895883
167907490
167929649
168069199
168230609 20221512 70261979 141403156 140324625 142321753 175435885 188898857 195253355 197588417 196306632 220633056 228382287 232059626 241602173
168230742
168242610
168279122
168401562
168472246 69735192
168483688
168510150 1242632
168524197 166893809
168550945
168739826
168756468
168760413
168896282
168898390
168938237
168968377
168984876
169077222
169342980 10358005 128165352 197588417
169387880 186197649 233594100
169543955 84071738
169583441 7548681 8764866 1837670 9896421 23265605 32244817 41503991 67079872 98627782 116143076 131318203 125748351 134075574 142549914 142777776 144554225 145852779 144244215 143713451 151898366 152019221 156308887 172261503 178932064 179284282 180655750 195272745 200173891 208073953 209388014 212911186 212265403 216785617 217572713 224046099 224053621 230607380 229340849 234971500 234150799 234255249 234526690 233811110 233698148 233594100 237592652 237151013 237653235 236243719 239400739 241861839 244296735 249662371 249234972 245535313
169687083
169711399 222320188 243718120
169864894
169907380
169915654
169974323
170047140 1340010 10541080 22182633 28910625 70619705 116866543 132100973 158732458 198337217 240032129 244629403
170065344
170074291
170162463
170177066
170179622 165475949 217572713
170293074
170323358 10541080 28910625 156553561 174842025
170365608
170373045
164055243
164055494
164077594 128165352 150894558
164124456
164140691
164195960
164308359
164318936
164607334
164699209 146051226 223778348 241767967
164773952
164799886
164816442
164911991 88563480 118535897 133433166 154120929 223778348 223894093 240778561
164986652
165005804
165044992
165052430 10701730
165136494
165137286 184683051 236121343
165139373 122600323 177881612
165194799 1837670 38991233 92281301 179910537 222337490 235307759
165363467
165380452
165466116
165475949 118268209 170179622 235342446
165611261
165626141
165727933 186045054
165761842
165762455
165769294
165785637 28910625
165996069
166056642 85823515 213687489
166129232
166168179
166371407 158538172
166490131
166676524
166750930
166893435
166893809 168524197 235342446
166918218
166930514 28141614 166967073
166934669
166960978
166967073 28141614 166930514
167327189 223778348 237282298
167328484 142147084
170406979
170510075
170532346
170534470
170683404 196067721
170686575 26305777 25702679 52561953 133143714 183040386 235342446
170777405
170859588 89234626 108876310 145838372 220318941 220633056 233811110
170876698 133143714 199622444 234721037
171007994 11450478
171018593
171067409
171170770 156234982
171241189
171291613
171376750 235095460
171579074
171585533 16923502
171675088
171734530 203432054
171826718 145838372 162936833 199622444 223778348 239390407
171895454
171925656
171928589 183070635
171945891
171976063 25702679
171978329
171990787 241108651
172014065
172019987
172041486 25938069
172041540 132639118 142777776 240645647
172095619 123311894 240778561
172191285 2394969 132639118
172261503
172287390
172288953
172353271
172367581
172610387
172627426
172830020 160562801 188188112 226066012 224764765 240432489
172833254
172858454
173050943
173107020
173200581
173240085
173262460
173283932
173418962
173450936 35089884
173473819 133433166 203889666
173513933
173520412
173685939
173691926 240739450
173742499 25938069
173768845
173832544 85662291 103426768 133143714 155657068 223894093 226066012
173911651 63201292 133433166 167723298 190167657
173995032
174013165
174018127
174055560
174122895
174260241
174338842 161916974 235342446
174352737
174366761
174450369
174463192
174513008
174602907 199622444
174653098
174654564
174681284
174748419
174785872 25702679 122857955 160520213 219090078 221752543 228168426 235342446 233811110 240778561
174842025 7489860 10541080 1242632 22182633 21782393 59838715 100063522 139245537 170323358 182130185 224253488
174959429
174962839
174978360
175009880
175083718
175086124 120662522 179285838
175106931
175170139
175293566
175298622 155879778
175320154
175435885 143098551 223778348 235342446
175574248
175609426 32244817
175634026
175635054
175832198 176685064 240778561
175915659 105736371
175940630
175991661 109375088
176052557 26305777 228168426
176165095
176244927
176257794 151898366 199622444
176495257
176609232
176685064 175832198 241767967
176687881
176705111
176720336
176722355 221669288
176853788
176909297
176947574
177190526
177191537
177222794
177273708
177284907
177333988
177427036
177574586 233427762
177634703 160394096
177881612 154601485
177882546 25702679 84165760 235342446
177904842
178076902
178145061
178156592
178278334
178313226 183040386
178442633 133143714 164911991 183070635 200273962 240432489 243297680
178446288 13453868 84165760 133143714 181418354 216743339 240432489
178452982
178609457
178720622
178837283
178844769
178850355
178864138 25702679 109375088 235342446
178926927
178932064
179020924
179039944
179052888
179145025
179284282 35089884 98590294 133433166 154120929 180667202 210435465 234526690 233811110 240778561
179285838 26305777 25497272 25702679 140324625 175086124 183070635 188188112 199622444 223778348 235342446
179359262
179423587
179432755 1837670 235342446
179561394
179812365
179869028
179910537 13085267 165194799
179951425
180181937 234472365
180211254
180285022
180308685
180325398
180402503
180452909
180539656
180654905
180655750
180667202 25702679 133143714 179284282 197588417 235342446
180840895
180910258
180991749
181070958
181087757
181126070 217572713
181221415
181230300
181278599 29760900 35089884
181418354 52561953 89291065 96292430 178446288 213421906 223778348 232492388 241767967
181434092
181535419
181561664
181607128
181627173
181713344
181775045
181821424
181861974
181921504
182001938
182085514
182130185 2301719 1242632 22182633 158732458 174842025 198337217 210542895
182296215
182367567
182439036
182560373 227360049
182701185
182730534
182732443
182734829
182780868
182781356
186045054 165727933
186078039 133143714 196306632 228382287 232039273 240432489
186104912 51438795 142549914 145852779 191227601 222687760 242790837
186129097 234150799
186159973
186191382
186197649 169387880 238838746
186307936
186361772
186392089
186602514 193499039
186807743
186894711
186937303
186955384
186985657
187007677 9896421
187027282
187033369
187055840
187057907
187075319
187124343 237715140
187193097
187220204 133461087
187248816
187288997
187300720
187362367
187403793
187449178
187491131
187518169 142073652
187531561
187543746
187574420
187583623 133143714 203813134
187715164
187796480
187917856
187951186
187978228
187994838
188016535
188036497
188127213
188143228
188188112 74411809 133143714 146089465 155657068 172830020 179285838 199546229 199622444 199899467 221377640 223778348 238838746 240432489
188260304
188357508 25702679 150545611 235342446
182871036 145161532 210112900
182883503
182915336 222023489
182957970
183001437
183023186
183040386 170686575 178313226
183070635 20221512 35089884 63201292 67091439 89234626 89291065 116064664 118535897 103426768 145161532 145838372 143713451 155657068 162936833 171928589 179285838 197953526 199622444 203813134 208199912 213421906 228168426 228382287 232492388 235693130 238838746 238222989 241602173 239390407 239635790 240506779 242453036
183161084 203889666 240778561
183180066
183195418
183207729
183236394 109375088 199622444 235342446 240778561 240611116
183323554
183458662
183502161
183526442
183542992
183606646
183692276
183825458
184101894
184107934
184108644
184160311
184172891
184211879
184401446
184521742
184568509
184607314
184616442
184683051 16862257 74018493 145852779 165137286 211032764 233811110
184783539
184866997
184878437
184893781
185036224 235342446 240432489
185123047
185218268
185336072
185386077 143748347 161916974 200273962
185421965
185515129 228382287
185522207
185660300
185712434
185726263
185766564
185957821 233811110
188371150
188452318 29760900
188813525 235342446
188871690
188898857 133143714 223778348 235342446
189046526 197588417 223778348
189275752 216700233
189412451
189455538 29729028 53618497
189567578 133143714
189650664 74018493 233811110
189664898
189813388 220148585
189950953
189969761
190088689 123311894 185386077
190167657 100737383 133143714 145733135 173911651 223778348
190181917
190243676 25702679 153478407
190245218
190247140 109375088 133143714 145852779 199622444 228382287
190271818
190301470
190337021
190378318
190600434
190612013
190658815
190784053
190793247
190895790
190901757
190944803
191059911 14195264 22182633 198337217 210542895 235014144
191060268
191117026
191216381
191227601 186104912
191650668
191691934 228382287
191791252
191847293
191883305
191921581
192152241
192165898
192178661
192180799 25702679
192387755 120234383
192657564
192860926
192876130
192929633
192957026
193004084
193141015
193149146
193331212
193345300
193355866 22182633 240816274
193499039 199585910
193516617
193581159 25938069 133433166
193582795
193619711
193646388
193671736
193716481 235342446
193722209
193985669
194004684
194028805
194049681
194197836
194199182
194307278 238409606
194333208
194379185 131318203 233811110
194465865
194522900
194578035
194588247
194600372
194617919
194700477 232039273
194711096
194771944
194778296 155520294 234150799 233594100
194786515
194791568 219568014
194847541
194889507
195054349
195170805
195222366
195253355 151824353 197588417
195272745 98590294 206985985 233811110
195339350
195429888
195462353
198780324 10541080
198825594
198861713
199200015
199298580 26305777
199337983 67091439
199384434
199384468
199479902
199491461
199546229 133143714 188188112 199622444 199899467 240432489
199585910 193499039 229340849 239400739
199622444 7484246 11318996 29666596 49361415 52561953 80132016 118268209 109375088 170876698 171826718 174602907 179285838 176257794 183070635 188188112 190247140 199546229 203889666 223778348 241383603 240778561 240432489
199637136
199656828
199686851
199762460
199899467 133143714 188188112 199546229 235342446 240778561
199964824
200015749
200076967
200129593
200131058
200146805
200173891 14332012 74018493 224431351 234150799
200190474
200245615
200273962 109375088 185386077 235342446
200435123
200489004
200563911 162715167
200667913 18781245 152151161
200802743 1332146
201029579
201070738
201100358
201299374
201441027 67091439 235342446
201460468 155520294
201488984
201887612
202094337
202135374 140324625 179285838 209235036 238542851
202185503 235342446
202276111
202347367
202384002
202422796
202530877
202595762
195530159
195698127
195913352
195971164
196003793
196011174
196067721 145733135 170683404 223848912 226823018 234150799 233811110
196291057 197588417 240778561
196306632 140324625 186078039 203257359 230370962 235307759
196321062
196408091
196448547
196544922
196659008
196752985
196755312 21517465 24589599 63201292 99801214 100737383 133433166 188452318 213421906 231226629 235307759
196805691 95055794
196826100
196981914
197009612 52561953 197588417
197010643
197099587
197154502
197204259
197360089 154120929 240778561
197392236
197534563 143098551
197536088 29772548 197537320
197537320 197536088
197588417 10358005 21797560 26305777 94599634 126343743 141403156 169342980 180667202 195253355 196291057 209235036 220832902 223848912 224764765 231226629
197708098
197724646
197783647
197828053
197953526 1837670 99743325 183070635
198029371
198103690
198120950 144300324
198126049
198132040
198180188
198197538
198225627
198229745
198337217 1340010 22182633 21246748 28910625 70619705 100063522 116866543 132100973 158732458 170047140 182130185 191059911 210542895 244629403
198453603
198529501
198568833 133143714
198606255 25702679 235342446
198646704 220148585
202635586 148150658
202654777
202885694
202918382
203002827
203077055 25702679 235342446
203257359 145733135 196306632
203335711
203346729
203432054 171734530
203564490 37655828 210112900
203580363 70261979 84591815
203595225
203613548
203660599
203669622
203795931
203813134 133143714 140324625 183070635 187583623
203824963
203889666 49361415 173473819 183161084 199622444 220633056
204066280
204080336
204292808
204300019
204408481
204414959 197588417 210112900 235342446
204485789
204558628
204598357
204624105 220548030
204804629
204959195
204960396 228382287 235342446
205002783 40658294 103426768 134335783 133143714 154120929 164699209 209235036 208649702 223894093
205021888
205075946
205086981 25702679 235342446
205149477 145733135 210112900
205288433
205311496 235342446
205460207
205461624 236630495 240432489
205556278
205810141
205851278 84591815 141957727 151971642
205898176
205899472
206284401
206294075
206426537
206440268 109375088 209235036 240432489
206557256
206597315
206616248
206902876
206981794
206985985 133143714 195272745
207045859
207108251 144244215
207193142 67091439 229340849 238542851 240778561
207291608 224764765 234721037 240778561
207364675 233811110
207519468 210220686
207541488 154601485
207609828
207718476 118268209
207764046
207860930
207921282 237364520
208009364
208073953
208097990 18350206
208108741
208155402
208177093 116064664 170686575 172830020 208199912 228168426 241602173 240778561 240242614 242730776 242453036
208199912 183070635
208229346
208343715 197953526 219795677 223778348
208380637
208433095
208470741
208477531 223061767
208567998
208647360
208649702 52561953 103426768 154120929 160562801
208871175
208881760
208890660
208893002
208895700
209100391
209198764 235342446
209200830
209235036 35089884 133143714 145733135 142321753 197588417 206440268 219090078 225480401 228876226
209248672
209388014 222337490 223848912
209446301
209465310 235342446
209579145
209719988
213176553
213201247
213204856
213217873
213222519
213248383
213298744
213366993
213387191
213394890
213421906 25702679 183070635 181418354 228382287 235342446
213481286
213573503 28910625
213594216
213619557
213632725
213670406
213687489 35089884 166056642
213698637
214000228
214167811
214400672
214445795
214507888
214563433
214675954 28910625
214800221 30682268 99669871 180452909 181418354 188357508 224182965 228382287 230370962 231226629 238643549 240778561
214816042
214919589
214992685
215020943
215063516
215153256 10358005 25702679 52561953 134335783 183070635 181418354 226066012 228382287 240778561
215189349
215303143 196067721
215384973
215845661
215966563 26305777 52561953 99743325 181418354 228382287
216047620 21246748 132100973 158732458
216209738
216413279
216428808
216453382 150894558 181418354 239505864
216455637
216613688
216654853
216700233 189275752
216743339 1837670 146089465 178446288 234255249 233811110
216785617
216794591 220897519
216879993
216936762
216953791
217031919
217113966 142804438
217157755
217344312
217411636
217507016
217572713 25938069 70261979 138601025 151158182 170179622 181126070 223778348 228841003 234150799 233811110
217669124
217671534
217700795
217713204 97551208 199622444
217716838
217784611
217912354
217978919
218018901
218020145
218153411
218153558
218240519
218263606
218388409
218391010
218508942 145733135 210112900
218563770 25702679
218727425
218733247
218746667
218819580
218987191
218994916
219058094
219090078 174785872 209235036
219257855
219272320
219360899
219467871
219534888 223778348
219568014 194791568 240778561
219644755
219656797
219690449
219697503
219726616
219795677
219854384
219870361
209794123
209837435 142777776
209857811
209924898
210067790
210112900 182871036 203564490
210137864
210181758
210209440
210216354
210220686 162616898 207519468
210325356
210378358
210403231
210405576
210435465 179284282
210439641
210501658
210542895 28910625 158732458 182130185 191059911 198337217
210639498
210735640 109375088 221752543 240432489
210835000
210982700
211001050
211032764 184683051 230887618
211187033 166056642 170179622 196067721 223778348 239390407
211229494
211259195
211261381
211400526
211431943
211520504
211603247
211897025
211937533
212063922
212079528
212138842
212199583
212265403
212308791
212379681
212457749
212487077 137533081 154473730
212599345
212714290 25702679 174785872 210112900 235342446
212839333
212911186 234150799
213012701
213123618
219928198
219973840
219981555
220019796 132100973
220033798
220091870
220148585 198646704
220174694
220265129
220318941 235342446
220328146 221259068
220548030 142444608 204624105 233408295
220588947 26305777 134335783 145161532 160562801 174785872 240432489
220602864 140324625 220832902 240778561
220633056 25702679 133143714 203889666 226066012 235342446
220656556
220832902 197588417
220844556
220897519 216794591
220898872 25702679 188188112 228382287 235342446 234721037 240778561
220904226
220977388
221002723
221073248
221141806
221148023
221223660
221225639
221259068
221332857
221349619
221377640 132810970 188188112
221440266
221508098
221566756
221584674
221585133 196067721
221613003
221649410 25938069 88317670 88563480 133433166 133143714
221656091
221669288 176722355
221678973
221680470
221710250
221752543 109375088 174785872 210735640 226688053
221760022
221840563 154120929
221851834 144244215
221899751
221901694
221980425
221998582
222012365
222016239
222023463 109375088 134766281 183070635 196067721 208108741 210439641
222023489 28910625 31471308 132100973 138520251 182915336 224253488
222039561 229124043 234150799
222099563 240778561 240432489
222123707 11450478 70619705
222163968
222197283
222225716
222293809
222320188 90053066 169711399
222337251
222337490 1837670 35089884 165194799 209388014
222347727
222395677 235342446 240778561
222473061 145161532 223061767 225127317 239226800
222493491 52561953 230370962
222629218
222687760 109375088 145852779 186104912
222752560 77019721 133433166 145161532
222822635
222962077
223019027
223061767 208477531 222473061
223148747
223191544
223280073
223299681
223316123
223371232
223460100
223475296
223495711
223541256
223641526
223715114
223778348 154120929 164699209 164911991 167327189 171826718 175435885 179285838 181418354 188188112 190167657 188898857 199622444 219534888 217572713 228382287 226823018 232039273 235307759 240242614
223808224 28910625 158732458 234682892 240816274 244629403
223848912 109375088 197588417 196067721 209388014
223894093 134224114 133143714 164911991 173832544 235342446 241602173
223961700 26305777 134335783 179285838 186197649 210112900 221649410
224025237
224046099 234150799 233811110
224053621 234150799 244629403
224182965 109375088 235342446
224253488 22182633 35089884 132100973 174842025 222023489 234150799
224353845 197588417 209235036
230030364
230072434
230179570
230295934 142321753 174785872
230362303 224431351 234150799
230370962 154120929 196306632 222493491
230539635 41503991 233811110
230607380
230647395
230702848
230800310
230851525
230887618 211032764
230920474
230930113
230931101
231056092 240432489
231098258
231181850 234150799
231225762 154120929 228382287 235342446
231226629 67091439 109375088 197588417 235342446 240611116
231229224 233811110
231289094
231301441
231315513
231360540 197588417
231459316 32826024 183070635 181278599 185957821 196306632 223894093 232039273 240506779
231621662
231746630
231810059
231833536
231836860 197588417 220832902
231849843 156308887 216743339 234150799
231873305
231967920
231973698
232039273 100737383 154120929 186078039 223778348 235342446 235307759 240611116 244429499
232059626 239160019
232067110
232113232
232115094
232164811
232174847
232186472 234150799
232225661 37314117 71209963
232260055 154120929 220148585 224764765 235342446 234721037 240242614
232274043
232365081 90169786
232381548 51906542
232426382
227360049
227480689
227529448 52142654 227760528 230370962
227694451
227760528
227801646
227806095 235342446
227812548
227844172 122428875
227866586
227930448
227934068
227958804
228168426 133143714 174785872 183070635 240778561
228220057
228284101
228284761 67091439
228303608
228377430
228382287 13085267 37655828 90832827 132403305 162936833 183070635 186078039 190247140 204960396 213421906 223778348 226066012 231225762 229340849 233408295 235899716 238838746 241602173 241767967
228448677 240778561 240432489
228690113 154120929
228692822
228750278
228841003 155335801 217572713 234150799 233811110
228845279 237715140
228876226 109375088 209235036
228912417 172830020
228958129
228970142
228997547 123311894 161257752
229034245
229034819
229046060
229108867 161192167
229124043 133143714 222039561
229126119 52561953 123311894 134335783 145161532 199622444 209235036 222493491 228382287 235342446 240778561
229160717
229168015
229211346
229262591
229338813
229340849 199585910 228382287
229762032
229843745 153970366 159703195 167929649 172830020
229843848 67091439 118268209 109375088 154120929 199622444 203813134 220148585 221649410 222493491 223778348 228382287 235342446 238542851 240778561
229854369
229855864 25702679 235342446
229877524
229968077
224360260 25702679 131913463 209235036 224764765 235342446 240778561
224431351 144244215 200173891 234150799 236829791 238542851 241861839
224502629 144554225 233811110
224509615
224537793
224585225
224665704
224709496
224764765 7484246 29666596 77763226 172830020 197588417 240645647
224804102 132907887
224833970 95055794 109375088 134335783 133143714 154120929 165996069 183070635 209235036 228382287 235342446
224860971
225018111
225024670 224764765 235342446 240778561
225069588 134047403 158732458 237715140
225098522
225127317 222473061 239226800
225138590
225154656
225333765
225480401 209235036
225488448
225542294
225617809
225654512 182130185
225664481
225731965
225815950 181418354 231226629
225830105 196306632
225908272 1837670
226066012 13085267 38823906 41503991 63201292 100737383 144554225 143649947 162936833 172830020 173832544 220633056 228382287 227296842 233811110 238742115
226079762 237653235
226108084
226171470
226490494
226688053 221752543
226803942
226818831
226823018 35089884 196067721 223778348
226824359
226841298
226870788
226965258
226980413
227065704
227069866
227095359
227130353
227296842 226066012
227359518
234682892 1340010 46273244 240816274
234721037 94599634 170876698 234167824
234726000
234759255
234766639
234795137
234812390 234167824
234971500
234989080
234998905 88563480
235001350
235001353
235014144 191059911 239165705 240816274
235095460 1340010 9921988 9179903 10541080 17233623 22182633 19226726 28910625 24423181 38077026 42508753 99139609 119439841 116866543 131318203 132100973 127814418 152830149 158732458 234472365
235100984
235130959
235139496
235164099
235196103
235252716
235270663 144300324
235307759 8764866 165194799 196306632 223778348 232039273 237445748
235340927
235342446 13085267 14590049 25868088 25702679 51438795 77924612 109375088 103426768 106167418 125927734 136868782 145161532 145838372 142321753 160520213 165475949 166893809 170686575 174785872 175435885 174338842 178864138 179285838 177882546 180667202 179432755 185036224 188357508 188898857 188813525 193716481 199899467 204960396 205311496 205086981 200273962 202185503 213421906 220318941 220633056 222395677 224182965 223894093 227806095 232039273 231226629 231225762 232492388 233811110 238193910 238643549 238838746 241602173 239390407 239258712 240645647 240739450 240242614 240432489 243297680
235430510
235648822 63201292 133433166 143748347 179910537 183070635 181607128 196291057 235342446 235307759
235693130 109375088 133143714 183070635 238643549
235771465
235825712 32244817
235825753 218388409
235899716 228382287
235927654
235936151
236121343 165137286
236196504 28910625 234472365
236216704
236222828 25702679 183070635 185957821 232039273 235342446 240778561
236243719 234150799
236325529
236363047 25702679 199622444 235342446 235693130 238643549
236387514 134335783 145161532 181418354 226066012
236389778
236449204
236464269
236483832
236514529
236516694 109375088 174785872
236630495 88563480 133143714
236649081
236672007
238866012
238933059
239089535
239160019 232059626
239165705 158732458 235014144
239226800 107615310 222473061 225127317
239258712 235342446
239277048 233811110
239302625 181418354 188188112 197588417 199622444 223778348
239390407 25702679 67091439 109375088 104285237 171826718 183070635 235342446 238542851 240778561
239400739 199585910
239505864
239635790 183070635
239652924 232039273
239722344
239759443
239784622 52561953
239789306
239798626
239883190
239994893 18781245 90053066 143699934 152151161
240032129 1340010 10541080 22182633 19226726 28910625 100063522 132100973 158732458 170047140 244629403
240114444
240185624
240233086
240236706
240242614 25702679 133143714 223778348 235342446 240778561 240611116 240432489
240309813 35089884
240335559
240348973
240365563
240374777 234150799
240375907 133433166 145161532
240396937
240416747
240431187 22182633 145852779 234150799
240432489 14590049 38192770 67380318 84238497 99743325 122857955 157007374 172830020 178446288 185036224 188188112 186078039 199546229 199622444 206440268 210735640 235342446 233800627 238838746 240778561 240242614
240435910 158732458
240506779 51253345 183070635
240611116 134335783 133143714 232039273 231226629 240242614
240645137
240645647 172041540 224764765 235342446
240652520
240668959
240739450 25702679 173691926 235342446
240757687
240770953
240778561 7484246 13085267 14332012 29666596 37655828 49361415 52733022 77212350 116064664 103426768 162936833 164911991 175832198 174785872 179284282 183161084 196291057 197360089 199622444 199899467 219568014 222395677 228168426 233811110 238222989 238742115 239390407 240242614 240432489
240797445
240816274 1837670 11450478 21246748 21782393 28910625 29729028 25452806 51906542 70619705 138520251 193355866 235014144 234682892
232431550
232469497
232475077
232492388 84165760 183070635 181418354 235342446
232591561 40658294 179432755 241602173 240778561
232599222 40658294 105736371 147527440 234721037
232618672
232659240
232667415 133433166 235342446 240432489
232706328
232797202
232830909 234150799
232858646
233099999
233141787 145161532 171826718 199622444 224764765
233188933
233204946 52561953 67091439 183070635 181418354 209235036 223778348 228382287 235342446
233205104 183070635
233269183 25702679 217572713 234721037
233283080 171826718 183070635 209235036 226066012 228382287 224764765 234721037
233287668 183070635
233345689
233352576
233354172
233367526
233392704
233408295 3820221 52561953 67380318 90437087 220548030 228382287
233427762 177574586
233575521
233594100 169387880 194778296
233608203
233636956
233691122
233698148 234150799 233811110
233730468 224764765 235342446
233768053
233797253
233800627 240432489
233811110 9896421 23265605 25702679 34018393 35089884 42928489 38991233 74018493 70201692 78471696 81275730 90169786 97551208 113340259 123311894 132088125 129125114 135602396 134766281 133143714 132907887 132639118 140310478 145852779 144244215 143649947 156308887 157287645 174785872 179284282 185957821 184683051 189650664 194379185 195272745 196067721 207364675 216743339 217572713 224046099 226066012 228841003 224502629 231229224 235342446 234150799 234526690 233698148 237282298 238338541 239277048 240778561
234150799 9896421 27230376 29760900 64839726 78471696 98627782 98590294 118535897 135602396 134923865 140310478 143713451 151163183 194778296 196067721 200173891 212911186 217572713 222039561 224046099 224053621 224253488 228841003 224431351 232186472 231181850 232830909 234526690 233811110 233698148 236243719 240374777 245859909 247456087
234167824 9896421 156308887 234812390 234721037
234244937 9896421 25702679 106167418
234253791 165194799 240778561
234255249 216743339
234472365 10541080 23845029 21246748 21782393 28910625 30760250 51906542 58155689 79534430 100063522 119439841 132100973 132401447 138520251 158732458 180181937 235095460 237715140 236196504
234482416 22182633
234486153
234494364
234526690 32244817 25816410 179284282 234150799 233811110
234613695
236829791 224431351
236855359
236866942
236977819
237014638
237151013
237160021
237183976
237282298 155897763 167327189 233811110
237295086
237364520 207921282
237372176 183070635 228168426
237445748 74018493 235307759
237485846
237526516
237568132 209235036 232039273
237592652
237638887
237639126
237653235 1837670 226079762
237656316
237657331
237715140 38077026 85823515 158732458 187124343 225069588 228845279 234472365
237753971
237788051
237863760 1837670 209388014
237915121 109375088
237934118 188188112 199622444 235342446
238026323 104285237
238064859 104285237
238085900 49361415 133433166 143921377 172830020 175086124 178446288 230370962 235342446 236121343
238103283
238193910 235342446
238222989 78533626 134335783 133143714 183070635 240778561
238338541 129125114 132639118 144244215 233811110
238360931
238363317 25702679 235342446
238393206
238409606 194307278
238418937
238426276
238514452
238542851 88563480 124208432 224431351 239390407 241842147
238595920 199622444 223778348
238621014
238643549 235342446 235693130
238672141 134555469 226980413
238742115 35089884 98590294 125748351 134335783 145852779 144244215 152222867 226066012 240778561
238813292 226066012 232039273 240778561 243297680
238838746 183070635 188188112 186197649 228382287 235342446 240432489
248788418
249234972
249662371
249970891
250515952
251485997
251668763
252491940 12644903
252704642
255513374
256751367
259883549
260010545
260904022
261556143
262874397
263530334
265095028
265270941
265752968
267921103
269792839
270729540
271157981
272332565
277486162
277780297
283723918
285156624
286248427
287961316
288592296
244191850
244223032 24589599 100737383 103426768 133433166 186078039 186894711 235342446 239390407 240778561 243017644 243380534 243297680
244253616
244256494 24589599 63201292 77763226 100737383 103426768 134335783 133433166 186078039 186894711 213421906 223778348 238542851 239390407 240778561 243017644 243380534 244253616
244271222 52561953 63201292 85662291 116064664 132403305 133433166 164911991 173911651 197360089 203813134 240778561 243297680
244276684 24589599 37655828 100737383 133433166 154120929 178446288 223894093 228382287 235307759 241602173 240739450 240242614 242730776 242453036 244559606
244278473
244281425 51438795 52561953 63201292 133433166 203813134 213421906 232039273 235342446 243297680
244287235 37655828 63201292 100737383 134335783 133433166 178446288 183070635 208199912 223894093 235342446 235307759 241602173 240778561 240739450 240242614 240432489 242730776 242453036 244559606
244288246
244291424
244292889 24589599 100737383 103426768 133433166 178446288 186078039 205086981 223778348 241602173 240778561 243380534 243297680 242453036 244559606
244296735 1837670 29760900
244312593
244381032
244381663 197588417 232039273
244398920
244429499 232039273
244452154
244481853
244482426
244484266
244493463
244496741
244500308
244559606 133433166 154120929
244582577
244629403 10541080 22182633 28910625 70619705 79534430 100063522 132100973 170047140 198337217 224053621 240032129 242548093
244694445
244705481
244840753 28910625 37416808 158732458 240032129
245498329
245535313
245694668
245744156
245859909 234150799
246277987
246380962 38459276
246502413
246777355
247231826
247441043
247456087 234150799
247620596
247828424 69149501
247874298
247936592
248082003 243713476
248557303
248681378
242699695
242700624
242730776
242778698
242790837 186104912
242828946
242852211 145161532 235342446
242897208 134335783 133433166 221649410
243017644
243175074
243226493
243233793
243246057 232039273
243291126
243297680 154120929 235342446
243317168 232039273
243347179
243367498
243380534
243583559
243637935
243648055
243698800
243713476 248082003
243718120 90053066 169711399
243736500
243740383
243758187
243788318
243796550 28910625
243827013
243831591 145161532
243834699
243961926
243970390
243970464
243972905
243982107
244005907
244054036
244090148
244093078 221649410 232039273
244098507
244103442
244112014
244123554
244136547
244140497 25938069 133143714
244168953
244189975
240846241
240895273
240898498
241108651 171990787
241133347
241241321
241271424
241282792 132810970
241355962
241362107
241366525
241383603 199622444
241390432
241428094
241433413
241602173 52561953 133143714 183070635 223894093 228382287 235342446
241614307
241632726
241634052
241643955
241676427
241678103
241680239
241682691
241699714
241708590
241767967 133143714 164699209 176685064 181418354 228382287
241786248
241842147 133433166 238542851
241861839 224431351
241952750
241984066
242032181
242036462
242040946
242061755 28910625
242069618
242147956 133433166
242153036
242224293
242269604
242288772 134335783 133433166 145161532 221649410
242319488
242387850
242421440
242453036 13453868 134335783 133143714 183070635
242484660
242548093 244629403
242589836
242699163
