35210634 22332045 66489188 32066435 25083818 50259825 29204402 122139736
36447225 29040080 30013490 48275499 19782091 66489188 25083818 38486566 22297322 25795801 31462728 49393953 29151914 28889265 27085466 18307350 138757696 139877974 143722166 122139736 135633211 98413206 99185355 121182854 118833216
37581945 16501940 940437 32809098 32594699 20397069 22860729 161665635 169471297 106496662
38486566 16655757 30013490 19782091 15815375 32066435 18693844 25083818 18352272 31462728 3166747 9570637 36447225 18307350 22860729 29204402 264765378 253714134 202641523 158573769 161665635 122139736 135633211 169471297 156411164 98413206 121182854 118833216
40559701 16655757 22332045 14883384 19782091 66489188 32066435 25083818 25795801 50259825 31462728 24864225 29151914 31483165 27085466 18307350 23458463 29204402 226776258 122139736 98413206
41015997 16655757 11718149 14969420 17420911 203060464 210574436 196477890 172794180 214913647 132751437
42611064 29040080
43696954 16655757 25544288 17048714 106430012
44195991 31158704 14969420 17420911 210574436 172794180 137238084 132751437
44863907
44872558 57437618 59155118 47245895 65620036 29909482 18307350 26745227 253714134 172794180 161665635 135633211 98413206 120640081 79425851 78388186
45844407 31158704 14969420 17420911 242907550 210574436 172794180 214913647 137238084 132751437
47245895 44872558 60709452 16655757 19782091 18307350 264765378 253714134 161665635 135633211 156411164 120640081 79425851 78388186 94403591
48275499 16501940 22332045 30013490 19782091 66489188 25083818 22297322 25795801 31462728 29151914 36447225 27085466 18307350 138757696 143722166 122139736 99185355 121182854
49382354 16655757 25544288 17048714 74089532 68415749
49393953 29040080 30013490 25083818 22297322 25795801 36447225 27085466 138757696 143722166 122139736 98413206 121182854
50259825 16655757 22332045 14883384 40559701 32594699 66489188 32066435 25083818 3528054 25795801 20206066 51516534 31462728 24864225 29151914 31483165 18307350 26745227 23458463 29204402 226776258 122139736
51516534 22332045 14883384 66489188 32066435 25795801 50259825 31462728 24864225 29151914 18307350 23458463 29204402 226776258
51535989 16655757 19782091 32066435 18693844 8674541 9570637 136199751 169471297
54659591
57437618 59155118 44872558 65620036 26745227 253714134 135633211 98413206 120640081 87350137
59155118 57437618 44872558 19782091 65620036 29909482 20784792 26745227 253714134 135633211 98413206 120640081 79425851 78388186 87350137
60709452 16655757 47245895 19782091 66489188 18693844 14969420 27085466 203060464 172794180 158573769 120640081 79425851 99185355
65620036 57437618 59155118 44872558 19782091 29909482 26745227 253714134 120640081 79425851 78388186
66489188 29040080 60709452 16655757 22332045 30013490 48275499 19782091 40559701 32066435 25083818 22297322 25795801 50259825 51516534 31462728 24864225 29151914 31483165 9570637 36447225 27085466 18307350 23458463 29204402 226776258 122139736 120640081 121182854
68415749 16655757 25544288 17048714 49382354 19782091 9570637 74089532
70553392 30013490 28889265 139877974 141283844 87172540 118833216 113251104
70983931 16655757 106496662
74089532 16655757 25544288 17048714 49382354 68415749
77232800
78388186 59155118 44872558 16655757 47245895 65620036 29909482 31462728 20784792 253714134 135633211 120640081 79425851
79425851 59155118 44872558 60709452 16655757 47245895 19782091 65620036 8674541 18307350 20784792 22860729 253714134 161665635 135633211 98413206 120640081 78388186 99185355
81399181 32809098 106496662
87172540 28889265 141283844 70553392 99676493 118833216 113251104
87350137 57437618 59155118 17048714 135633211 98413206 120640081
88736853
94147367
94403591 47245895
95183643 139877974
98413206 57437618 59155118 44872558 16655757 30013490 19782091 40559701 18693844 38486566 22297322 18352272 29909482 49393953 29151914 36447225 20784792 26745227 29204402 264765378 253714134 135633211 156411164 120640081 79425851 87350137
99185355 29040080 60709452 30013490 48275499 19782091 18693844 22297322 36447225 27085466 138757696 143722166 79425851 121182854
99676493 142184476 139877974 127833723 87172540
103483772
106430012 16655757 43696954
106496662 16501940 16655757 14883384 32809098 19782091 32594699 32066435 22297322 37581945 20397069 20206066 22860729 161665635 70983931 81399181
111390430 32809098
113251104 28889265 141283844 70553392 87172540 118833216
118833216 30013490 38486566 22297322 3166747 36447225 28889265 139877974 141283844 70553392 87172540 113251104
120640081 57437618 59155118 44872558 60709452 47245895 19782091 65620036 66489188 29909482 20784792 26745227 22860729 253714134 158573769 135633211 98413206 79425851 78388186 87350137
121182854 29040080 22332045 30013490 48275499 66489188 25083818 38486566 22297322 25795801 31462728 24864225 49393953 36447225 27085466 18307350 138757696 143722166 122139736 99185355
122139736 29040080 22332045 14883384 30013490 48275499 32809098 40559701 66489188 32066435 25083818 38486566 22297322 25795801 50259825 31462728 24864225 29151914 31483165 36447225 27085466 18307350 23458463 22860729 29204402 226776258 121182854
127833723 16574432 9570637 99676493
132199261
132751437 31158704 16655757 41015997 14969420 44195991 45844407 17420911 210574436 196477890 202641523 214913647
142184476 139877974 99676493
135633211 57437618 59155118 16501940 44872558 16655757 47245895 30013490 19782091 38486566 29909482 24864225 36447225 20784792 26745227 253714134 172794180 98413206 120640081 79425851 78388186 87350137
136199751 9357060 16501940 16655757 14883384 51535989
137238084 31158704 41015997 19782091 11718149 14969420 44195991 45844407 17420911 203060464 210574436 196477890 202641523 172794180 214913647 132751437
138757696 29040080 30013490 48275499 49393953 36447225 27085466 143722166 99185355 121182854
139877974 30013490 18693844 11718149 36447225 16095888 142184476 70553392 95183643 99676493 118833216
141283844 28889265 70553392 87172540 118833216 113251104
143722166 29040080 16501940 30013490 48275499 22297322 49393953 36447225 27085466 138757696 99185355 121182854
146447430
147984872
151538740 13460091 16574432 20206066
156411164 16655757 47245895 19782091 32066435 38486566 18352272 29151914 18307350 26745227 22860729 264765378 158573769 161665635 98413206
158573769 60709452 38486566 18352272 264765378 156411164 120640081
161665635 16501940 44872558 16655757 47245895 32809098 19782091 32594699 38486566 20397069 20206066 18307350 22860729 264765378 169471297 156411164 79425851 106496662
163075888
165834581
169471297 16655757 32809098 32066435 38486566 37581945 51535989 25795801 3166747 161665635
172794180 44872558 31158704 60709452 16655757 41015997 19782091 18693844 14969420 44195991 3528054 45844407 17420911 26745227 203060464 242907550 210574436 202641523 214913647 137238084 135633211
177855828
179352884 16655757 14883384 30013490 19782091 18693844 25083818 18307350 138757696 121182854
184142833 22332045
191732025
196477890 41015997 14969420 17420911 210574436 214913647 137238084 132751437
202641523 31158704 16655757 14883384 38486566 14969420 3166747 17420911 210574436 172794180 214913647 137238084 132751437
203060464 60709452 41015997 18693844 253714134 172794180 137238084
210574436 31158704 41015997 14969420 44195991 45844407 17420911 242907550 196477890 202641523 172794180 214913647 137238084 132751437
214913647 16501940 31158704 41015997 14969420 45844407 17420911 210574436 196477890 202641523 172794180 137238084 132751437
224949122 16501940 16655757 32809098 161665635 106496662
226776258 16655757 22332045 14883384 32809098 40559701 66489188 32066435 25083818 25795801 50259825 51516534 31462728 24864225 29151914 31483165 18307350 29204402 122139736
233500560
242907550 31158704 14969420 45844407 17420911 210574436 172794180
246331067
253714134 57437618 59155118 44872558 16655757 47245895 19782091 65620036 38486566 29909482 18307350 20784792 26745227 203060464 135633211 98413206 120640081 79425851 78388186
264765378 47245895 32066435 38486566 18352272 18307350 158573769 161665635 156411164 98413206
274267315
940437 161665635
3166747 38486566 202641523 169471297 118833216
3528054 9357060 16655757 14883384 32809098 19782091 50259825 29151914 172794180
3878689 9357060 16655757 8674541
8674541 10490931 51535989 3878689 79425851
9357060 19782091 18693844 3528054 3878689 136199751
9570637 16655757 19782091 66489188 32066435 18693844 38486566 51535989 31483165 127833723 68415749
10490931 16655757 8674541
11718149 41015997 137238084 139877974
13460091 16655757 20206066 151538740
14517842
14883384 16501940 16655757 32809098 19782091 40559701 32594699 32066435 25083818 14969420 3528054 25795801 50259825 20206066 51516534 31462728 24864225 29151914 31483165 18307350 26745227 23458463 29204402 226776258 202641523 122139736 136199751 106496662
14969420 31158704 60709452 16655757 41015997 14883384 19782091 44195991 45844407 17420911 242907550 210574436 196477890 202641523 172794180 214913647 132751437
15815375 38486566
16095888 26745227 139877974
16501940 16655757 14883384 48275499 32809098 19782091 32594699 37581945 20397069 20206066 24864225 29151914 26745227 22860729 214913647 161665635 143722166 135633211 136199751 106496662
16574432 151538740 127833723
16655757 16501940 60709452 25544288 41015997 17048714 47245895 14883384 10490931 49382354 32809098 19782091 40559701 13460091 66489188 32066435 18693844 38486566 51535989 14969420 3528054 50259825 18352272 24864225 3878689 43696954 29151914 31483165 9570637 18307350 26745227 22860729 226776258 253714134 202641523 172794180 161665635 132751437 135633211 136199751 169471297 156411164 106430012 98413206 79425851 74089532 78388186 106496662 70983931 68415749
17048714 16655757 25544288 49382354 32809098 19782091 43696954 74089532 87350137 68415749
17420911 31158704 41015997 14969420 44195991 45844407 242907550 210574436 196477890 202641523 172794180 214913647 137238084 132751437
18307350 44872558 16655757 22332045 47245895 14883384 48275499 40559701 66489188 32066435 25083818 38486566 22297322 25795801 50259825 51516534 31462728 24864225 29151914 31483165 36447225 23458463 29204402 226776258 264765378 161665635 122139736 156411164 79425851 121182854
18352272 16655757 38486566 264765378 158573769 156411164 98413206
18693844 9357060 60709452 16655757 19782091 32066435 38486566 51535989 9570637 203060464 172794180 139877974 98413206 99185355
19782091 9357060 59155118 16501940 60709452 16655757 22332045 17048714 47245895 14883384 48275499 40559701 32594699 65620036 66489188 32066435 18693844 38486566 51535989 14969420 3528054 31462728 24864225 29151914 9570637 36447225 20784792 26745227 22860729 253714134 172794180 137238084 161665635 135633211 156411164 98413206 120640081 79425851 99185355 106496662 68415749
20005266
20206066 16501940 14883384 32809098 32594699 13460091 50259825 29151914 26745227 151538740 161665635 106496662
20397069 16501940 32809098 32594699 22860729 161665635 106496662
20784792 59155118 19782091 253714134 135633211 98413206 120640081 79425851 78388186
22297322 29040080 22332045 30013490 48275499 66489188 25083818 25795801 31462728 49393953 29151914 36447225 27085466 18307350 143722166 122139736 98413206 99185355 106496662 121182854 118833216
22332045 29040080 30013490 48275499 19782091 40559701 66489188 32066435 25083818 22297322 25795801 50259825 51516534 31462728 24864225 29151914 31483165 18307350 23458463 29204402 226776258 184142833 122139736 121182854
22860729 16501940 16655757 32809098 19782091 38486566 37581945 20397069 27085466 161665635 122139736 156411164 120640081 79425851 106496662
23458463 16655757 22332045 14883384 19782091 40559701 66489188 32066435 25083818 25795801 50259825 51516534 31462728 24864225 29151914 31483165 18307350 29204402 122139736
24864225 29040080 16501940 16655757 22332045 14883384 30013490 32809098 19782091 40559701 66489188 32066435 25795801 50259825 51516534 31462728 29151914 31483165 18307350 29204402 226776258 122139736 135633211 121182854
25083818 22332045 14883384 30013490 48275499 40559701 66489188 32066435 38486566 22297322 25795801 50259825 31462728 49393953 29151914 31483165 36447225 27085466 18307350 23458463 29204402 226776258 122139736 121182854
25544288 16655757 17048714 49382354 43696954 74089532 68415749
25795801 22332045 14883384 30013490 48275499 40559701 66489188 32066435 25083818 22297322 50259825 51516534 31462728 24864225 49393953 29151914 31483165 36447225 27085466 18307350 23458463 29204402 226776258 122139736 169471297 121182854
26745227 57437618 59155118 16501940 44872558 16655757 14883384 32809098 19782091 32594699 65620036 50259825 20206066 29151914 16095888 253714134 172794180 135633211 156411164 98413206 120640081
27085466 60709452 30013490 48275499 40559701 66489188 25083818 22297322 25795801 49393953 36447225 22860729 138757696 143722166 122139736 99185355 121182854
28889265 36447225 141283844 70553392 87172540 118833216 113251104
29040080 22332045 30013490 66489188 22297322 31462728 24864225 49393953 29151914 36447225 138757696 143722166 122139736 99185355 121182854
29151914 29040080 16501940 16655757 22332045 14883384 48275499 32809098 19782091 40559701 66489188 32066435 25083818 22297322 3528054 25795801 50259825 20206066 51516534 31462728 24864225 31483165 36447225 18307350 26745227 23458463 29204402 226776258 122139736 156411164 98413206
29204402 22332045 14883384 30013490 40559701 66489188 32066435 25083818 38486566 25795801 50259825 51516534 31462728 24864225 29151914 31483165 18307350 23458463 226776258 122139736 98413206
29909482 57437618 59155118 44872558 19782091 65620036 253714134 135633211 98413206 120640081 78388186
30013490 29040080 22332045 48275499 66489188 25083818 38486566 22297322 25795801 31462728 24864225 49393953 36447225 27085466 29204402 138757696 139877974 143722166 122139736 135633211 98413206 99185355 70553392 121182854 118833216
31158704 14969420 44195991 45844407 17420911 242907550 210574436 202641523 172794180 214913647 132751437
31462728 29040080 22332045 14883384 30013490 48275499 19782091 40559701 66489188 32066435 25083818 38486566 22297322 25795801 50259825 51516534 24864225 29151914 31483165 36447225 18307350 23458463 29204402 226776258 122139736 78388186 121182854
31483165 16655757 22332045 14883384 40559701 66489188 32066435 25083818 25795801 50259825 31462728 24864225 29151914 9570637 18307350 23458463 29204402 226776258 122139736
32066435 16655757 22332045 14883384 19782091 40559701 66489188 18693844 25083818 38486566 51535989 25795801 50259825 51516534 31462728 24864225 29151914 31483165 9570637 18307350 29204402 226776258 264765378 122139736 169471297 156411164 106496662
32594699 16501940 14883384 32809098 19782091 37581945 20397069 50259825 20206066 26745227 161665635 106496662
32809098 16501940 16655757 17048714 14883384 32594699 20397069 3528054 20206066 24864225 29151914 26745227 22860729 226776258 161665635 122139736 169471297 111390430 106496662 81399181
