5338
940945
1559673
1660102
1701850
1930652
1972620
2382179
2391810
2447453
2584034
2855439
3134422
3616686
4033405
4249763
4617387
4657351
4813579
5323866
5473848
5703424
5977957
6179613
6354449
6573518
6595897
6652821
6753585
6907887
7016677
7101819
7138957
7442577
7477237
7778490
7838540
8392876
8419249
8556638
8608916
8637665
8873136
9370135
9597607
10028840
10161659
10726655
10763305
10785370
12169167
12513482
12573381
12840994
13160472
13820783
13976262
14230856
14829049
14955905
15409601
15652137
15661064
15786740
17151029
17612860
18559409
18795489
19002781
20028862
20087593
20172501
20462025
20517324
20576389
20715767
20801058 79142987 194293503 193024044 199776668 204952873
21083788
21428558
21497000
22001687
22811186
23119102
23689167
23751193
23919894
24176465
24514451 199776668
24538865
25217345
25370302
25594431
25951998
26501292
26735435
26775158
26858155
26970394
26971848
27640344
27989568
28129332
28199191
28437492
28588492
28681928
28757365
29228239
29257479 176169411 176902538
29347230
29452630
30006590
30034171
30198268
30508971 161640447 180464132 200963074 200846914 207260463
31277878
31283593
31328199
31598488
31694161
34698302
34836395
35308466
35468809 52133293 30508971 79142987 63401854 72171821 116725788 93691724 138466802 164760121 160440207 161640447 171617631 170145030 165870633 174418282 185672616 181184506 179351320 176169411 188585282 194898522 192970851 193024044 199330853 202448135 201331384 202803774 206963852 205987571 204345515 207360124 209625935
35484476 194293503 194846480 201287541 201331384 207071102 206091979 207360124
35585173
36075788
37471282
37864993
38147043
38554879
39019956
39618144
39701193
41500415
42110574
44190126
44297569
44911708
47083004
47745182
48148436
49748987
50221816
50430880
50704922
51372650
51614352
51723533
52133293
52216619
52573389
52948085
53162536
54109123
54241299
54514066
55021325
55074335
55624763
56160490
56282593
56469365
56711745
56829668
56917425
58393451
58801522
59197314
59302400
60120166
60526307
61381071
62028276
62225532
63033184
63401854 79142987 173778852
63812643
64125917
65153962
67403036
68374133
68944896
68978637
69242872
69353235
69368718
69486532
69772753
70573379
70833711
71049853
71577225
72171821 160440207 173778852 188585282 195063698
73200223
73652267
74537806
75044817
75364116
75547791
96841492
96880080
96904902
96945672 79142987 97738398 130359859 161640447 165870633 188585282 195063698 194293503 202448135 207360124
97303875
97624255
97732541 97738398
97734393 72171821 97738398
97738398 96945672
98025928 97738398
98523008
99081244
99305802
99331917
99817972
100118786
100167463
100320492
100345270
101194106
101320717
101939942
102740991
102910666
103115016
103494077
103835805
104227016
105115107
105522709
106285580
106660530
107293901
107924635
108640268
110654502
112123842
112393892
112690449
112718594
114297476
114508866
114522750
114687304
114992080
115063799
116029736
116509078
116613734
116725788 180464132 195063698
118823900
119223565
119500319
119578953
119750603
119751122
119914427
119934796
120815686 135734687 141078646 160440207 161640447 175492451 188585282 192970851 200963074
121044018
121381574
121789653
121837160
121890258
121992331
123141613
123609649
124332762
124701201
124804252
125214336
125243859
125483300
125703991
126082682
126785342
126881583
126901418
127066708
127352645
127749267
128160274
128495598
128504212
128528527
128711795
130251737
130359859 96945672
131342185
132063323
132155371 205645511
132357527
132363323
132950806
133062781
133170233
133262044
133321632
133372942
133433360
133734987
133917523
134248553
134375689
134458738
134564059
134577440
134620321
134765731
134851774
134884111
135280231
135285603
135503400
135593130
135734687 180464132
135752666
135759341
136225155
136378065
136444170
136710339
136869633
136979056
136991878
137019303
137063560
137147237
137236297
137606087
137853982
138279976
138466802 79142987 195063698
139022840
139044952
139552463
139596986
139603458
140100921
140259132
140265650
140611834
141066986
141078646 195063698
141135215
141192365
141271353
141554788
142007970
142392680
75644837
76223271
76821275
76916978
76954630
77231980
77250359
77607904
78201736
78493056
79142987 20801058 63401854 96945672 138466802 160440207 173778852 176169411 188585282 199776668 207360124
79376239
80299568
80417829
80720629
80966502
82605367
82852064
83353954
83429904
83861978
84326218
84503393
84701084
84784598
84880518
85286703
85887983
86489209
87196945
87563956
88496548
88653785
88826550
89762257
90085447
91174543
91314624
91936507
92773747
92875399
92951996
93691724
93718465
94806594
95055608
95060659
96193139
96289700
96736981
142456189
142479830
142499294 197535378
142596470
142625531
142684828
142996882
143340477
143469824
144045361
144056775
144269944
144328940
144451478
144749394 266527305
144870646
144997098
145306462
145407398
145833734
145912028
145967708
146362192
146597339
146822584
146900552
147320480
147324638
147479045
147581598
147643074
147723501
148362816
148381753
148830061
148942900
149124105
149238341
149421639
150250014
150537385
150760800
150765766
151097279
151135706 204371338
151286591
151399323
151622529
151768053
151914270 79142987 125703991 195063698
152001487
152045207
152078666
152308351
152538834
153304584
153327711
153433286
153462690
153680152
153719365
153781028
153879027
153978010
154066927
154176920
154495632
154497159
154575032
154577583
154743718
154949553 160440207
155210871
155307926
155389014
155473833
155524429
155774868
155777476
155851958
156226843
156244908
156656402
156865241
156896219
157048320
157093723
157165183
157226596
157230329
157443267
157582100
157659396
157866841
158252948
158580275
158663333
158994125
159197624
159924925
168580362
168789321
168802558
168961826
168996060
169049981
169307694
170090205
170145030
170247412
170292722
170355950
170942432
170942705
171011506
171284691
171384199
171498805
171512691
171603942
171617631
172036273
172415696
172741070
172894110
173040495
173055137
173096450
173678974
173700089
173730537
173736155
173778852 79142987 63401854 72171821
173815315
173944478
173993176 79142987
174062194
174189759
174300577
174302737
174411790 225878464
174418282 165870633 175492451 194846480
174622103
174638544
174639274
174722955
174809212
175434514
175491797
175492451 174418282 200963074
159927367
160004963
160183189
160440207 79142987 72171821 180464132
160841121
161186424
161247341
161254079
161640447 30508971 96945672 180464132
161786408
162328926
162739588
162751903
162986104
163013982
163030089
163205733
163412137
163514851
163589625
163720435
163736966
164321029
164760121
164797823
165263816
165280262
165360359 24514451
165430670
165732218
165755164
165870633 96945672 174418282 180464132
165963322
166282404
166296867
166436775
166547716
166619827
166702346
166712201
166768618
166774015
167064445
167352768
167628729
167959199
168060108
168328450
168394588
168510150
175754892
176032843
176050059
176138627
176169411 29257479 79142987 176902538 192970851 207260463 205106353 205645511 205861348 204076488 217529122 269039418 261182437
176254114 183121791 176169411 176902538 199776668 207260463 205106353 205645511 204076488 217529122
176361120
176507815
176851432
176902538 29257479 176169411 207260463 205106353 205645511 205861348 204076488 217529122 269039418 261182437
176966666
177227974
177300014
178455301
178468895
178640013
178797863
179077694
179351320 180464132 200963074
179579847 24514451
180284096
180363904
180464132 30508971 116725788 135734687 160440207 161640447 165870633 185672616 181184506 179351320 194846480 193445900 192970851 193024044 201287541 199776668 202448135 201331384 202034099 204952873
180667044
180780354
180804129
181011768
181115961
181184506 180464132 205645511 204076488
181196145
181389006
182017452
182165336
182264485
182361689
182396785
182431798
182477362
182529638
182662178
182756407 195063698 205286912
182886288
183099725
183121791
183183769
183251564
183366219
183496829
183637135
183653497
183656559
183657684
183658538
183659653
183659939
183667454
183847830
184114794
184184130 266527305
184344389
184431091
184442558
184706844
184741839
184795846
184829010
184831758
184838226
185002641
185020907
185087112
185593173
185672616 180464132
185739408
186024109
186692323
186818517 193024044 202803774
186839210
186846073
187457182
187567114
188190252
188204176
188254340
188386446
188572280 195063698
188585282 79142987 72171821 96945672 195063698
188589304
188859363
188955152
189196675
189232654
189465653 176169411 176902538 207260463 205106353 205645511 204076488 217529122
189518611
189549755
190138665
190313572
190387312
190573657
190732732
190777173
190830379
190875939
190940226
191203418
191529401
191803085
191850462
191901861
191944598
192046220
192061211
192186407
192359813
192540205
192593483
192816693
192970851 180464132 176169411 200963074
193024044 20801058 180464132 186818517 200963074
193155899
193230877
193445900 180464132 207260463
193667467
194081541
194084549
194156519 176169411 176902538 207260463 205106353 205645511 204076488 269039418 261182437
194293503 35484476 20801058 96945672
194359934
194418559
194451027
194572380
194606534
194846480 35484476 174418282 180464132
194898522
194974146 195063698
195063698 72171821 116725788 96945672 138466802 141078646 182756407 188585282 202448135 205286912
195198001 79142987
195198611 79142987
195218909
195224589
195391699
195411614
195477614
195564898
195639977
196021486
196083364
196130833
196202946
196746857
196750657 205438570
196751150 205438570
196764300
196931927
197274146
197296805
197304491
197324551
197535378 142499294
197561361
197734234
197830074 198477863 197835469
197831387 197835469
197833402 198477863 197835469
197835469 205438570 204896370
197851051 204896370
197866081 200675020
198001111
198182919
198227408
198358727
198453510
198455437
198477863 206152815
198659440
198925984
198933052
199026899
199120141
199314165
199330853
199432318
199587593
199632948
199661473
199776668 24514451 20801058 79142987 180464132
200116093
200126941 204557100
200214158
200307481
200322630
200432778
200637652
200675020 204896370
200846914 30508971
200962093
200963074 30508971 175492451 179351320 192970851 193024044 201287541 202448135 202034099
201098140
201269727
201287541 35484476 180464132 200963074
201331384 35484476 180464132
201605968
201728475
201956674 180464132 200963074 205645511 204952873
201987994
202034099 180464132 200963074
202107418
202200990
202448135 96945672 180464132 195063698 200963074
202684995
202790385
202803774 186818517
202861550
203045925
203139649 176169411 176902538 207260463 205106353 205645511 204076488 269039418 261182437
203591703
203611160
203620784
203646376
203646676
203647106
203694302
203718654
203797903
203817490
203888716
203898887
204009483
204076488 181184506 176169411 176902538 205106353
204077073
204241242 198477863 197835469
204243201 198477863
204243701 198477863
204345515
204371338 151135706
204379037 205645511
204541998
204551861
204557100 200126941
204716756
204808984
204809820
204840773 200675020 197835469
204841227 200675020 197835469
204841622 200675020 197835469
204886341
204896370 200675020 197835469
204952873 20801058 180464132
204990003
205090911
207344312
207360124 35484476 79142987 96945672
207381193
207392693
207477538
207572854
207577980
207621583
207627521
207652686
207722107
207798509
207819031
208042166
208093952
208107921
208200326
208239698
208284912
208285425
208483354
208759067
208774932 206091979
208827287 176169411 176902538 207260463 205106353 205645511 205861348
208898492
208926731
209002406 176169411 176902538 207260463 205106353 205645511 205861348 217529122 269039418 261182437
209100137
209102649
209103646
209103864
209104073
209104312
209104381
209104552
209104626
209163792
209557601
209625935
209719892
209872072
210372538
210408923
210467965
210601055
210614603
211069494
212054061
212086850
212316958
205091596
205106353 176169411 176902538 207260463 205645511 205861348 204076488
205106733 176169411 176902538 207260463 205106353 205645511 204076488
205254321
205286912 182756407 195063698
205368016
205438570 197835469
205444715
205458198
205491205
205618148
205645511 181184506 176169411 176902538 207260463 205106353
205647345
205673670 206152815
205685585
205690718
205737620
205861348 176169411 176902538 207260463 205106353
205935487
205955179
205987571
205996471
206011644
206016971
206091979 35484476 208774932
206118816
206146073 206152815
206152815 198477863 206146073
206241010
206430369
206441242
206651198
206653944
206698241
206806220 63401854
206840406
206920818
206930549
206961656
206963852
206969749
207071102 35484476
207098722 161640447 176169411 176902538 207260463 205106353 205645511 205861348 269039418 261182437
207106539
207108183
207187169
207196405
207260463 30508971 176169411 176902538 193445900 205106353 205645511 205861348
207327828
207336847
212731529
212867792
212978759
213689658
215080414
215775251
216291644
216876176
217529122 176169411 176902538
217564727
217921562
218243905
218424124
218439318
218612655
218730352
218736673
219477734
219963101
220731157
221162229
222545659
223017907
223523671
223995263
224636268
225201799
225236365
225286825
225878464 174411790
225908159 266527305
226163044
226471917
227025780
227304178
228016790
228337736
228613731
228700764
228954393
230441319
230481479
231201312 29257479 176169411 176902538 269039418 261182437
231742423
232065202
232216962
232399882
233236970
233387638
233527936
255969184
257113859
259488606
259492692
260453402
260561623
261182437 176169411 176902538 269039418
261456961
261473741
261578499
261639312
262028448
262218362 29257479 176169411 176902538 269039418 261182437
262568185
263272351
264474938
265733286 137063560
266527305 144749394 184184130 225908159
267025433
267677550
267725620
268122207
268325934
268331202
268547214
269039418 176169411 176902538 261182437
269141135
271106723
276644071
277751291
281468833
282755213
284403459
285395069
287989044
233560222
233898309
234348908
234407607
235158338
235644081
235842600
236252008
237967504
238576684
239385934
239746133
239831888
239834895
240003601
240348484
240967867
241005588
241060774
241177339
241397493
241414773 268122207
242152608
243222952
243763128
244011848
244351036
246049303
246139574
246171320
246568267
247149884
247268620
249193831
249400125
250620553
250806948
250870986
251156314
251366334
253101275
253404577
254092584
254773491
254799475
255079807
255161659
255186996
255625949
255713001
