148143499
204424184
142733869
149050917
211935264
123636780
164915199
175483610
178323514
129263724
74088272
188293782
11287538
222411744
80558352
105118800
8274385
102193870
9308068
228536500
177079637
152888334
40420747
148148886
26585700
90226811
174645208
155804561
180583737
27562902
3208720
21667701
83230504
202524303
103691290
133333864
25474816
14691818
138008719
85090428
259053073
176162058
50422805
167134796
140251072
194076800
83264021
56093242
52614412
22819329
33992114
14477105
51833141
132082669
38394495
110357028
199205676
30605486
87712880
51921754
107878804
39116720
91558515
16650662
83664144
31825244
67505990
234039927
120486844
102264977
11117866
66982118
175802423
81307262
22546177
147602591
30726725
102149433
92890057
228234096
107276686
15965403
96194165
30294773
121318744
20110873
23886503
87814232
104781308
92825411
118397792
58366395
118008526
75824148
84598994
81954089
137031507
119361422
140595271
56781119
102020629
100876878
132560217
69026829
85882463
67917865
12668735
151724533
87121802
86467819
85423141
27531230
96054211
59642161
97249285
11380493
41745443
42945807
120431496
28504117
82964811
67910652
93382385
83951135
96657637
94926099
22271541
112448672
32191600
26762904
92229968
152497537
16535743
76752583
99059351
53469618
96958159
59469510
137162973
89732193
84188647
56694928
16344416
66370785
70325279
81446471
69333107
49723814
86459955
99433077
113652490
7358598
99866329
16243037
63260294
84163678
100034228
57627757
54933806
111041963
32622513
92208187
84698605
24833046
12192674
123603334
52068774
93934310
126353874
38057845
135292390
119797484
3913775
85884493
56326071
79873976
269520128
58167643
34170695
28716301
19361730
19959711
87172194
10061666
13810735
68345127
23957208
86348968
26290179
114627042
69506357
95207623
78629733
98313121
24347079
90303353
17922389
103093956
45321227
56378639
50324630
89313542
78588809
29476691
32332150
101045031
37217023
26577581
107529060
122316176
93375834
147622822
113494245
84378869
24048369
20765257
93371486
92183083
122210409
167316409
139352790
71458549
122887987
37805857
29929260
48246711
122615967
63433480
101497674
96100234
83470543
110246570
62386220
97420252
88316677
94306208
57494672
106331542
86266970
88616708
38042829
88585892
19158629
54157120
65143194
100310599
47667194
90963662
83444204
38624095
133887010
51968708
89689486
76639088
111304015
18784408
65557347
133471288
116824783
97714047
124512636
125537953
33487731
50418185
86827383
28868245
103820233
82612101
87826983
57589848
26036241
93945907
17916604
31237574
96575494
99448275
84559358
77341783
109374690
209560418
56023791
49574611
78952529
54258019
41231759
152133045
54254068
133666272
68033202
27191986
97737372
207177328
125146070
112393648
90941513
96854409
98228452
99696404
101188686
64212702
17808796
73058483
135946732
45804808
93731523
89867051
79325582
103193612
66760892
94614546
91095730
