214771 7665058 5967965 10787098 9487437 49063773 55118371 61353328 30713964 186906284
454211 7352846 4250660 7881158 10787098 9487437 13650907 11921623
1609758 7613897 10787098
1837353 13933133
1876381 7613897 7961032 2626961 6819267 8114644 4169105 3465024 6649841 7529461 3799790 3543886 9006092 7881158 7479998 2381957 15041216 16036431 16093672 17943964 9249893 11051777 10391697 9319110 10787098 9487437 12090635 11921623 12639231 20412070 49417066 58446650 44939161 33022468 30713964 39952524 38159759 34787836 40985756 76752723 100788070 186906284 154810065 173956993 171163342 160015894 168403368
2381957 1876381 6819267 8854283 12990903 30713964 38159759
2420090 10787098 30713964 32595609 43543930
2626961 4906651 6466262 1876381 3397900 8342764 4169105 7352846 8404249 6649841 7213309 7529461 3799790 6535271 5967965 15041216 15536360 14649903 11600050 11093864 10787098 21781082 57127759 49076517 33022468 39952524 30906022 34787836 168403368
3064443 6819267 4250660 28493917 30713964 38159759
3397900 7907806 7961032 8342764 2626961 7665058 7352846 7529461 7307576 4328861 6066866 5967965 9006092 4858531 4232846 7627177 17943964 9249893 13160175 10787098 25572593 44939161 61353328 30713964 43543930 72806017 92588395
3465024 1876381 4169105 15536360 12990903 12639231 12085306 57127759 30713964 136330022
3543886 1876381 7352846 7881158 9249893 58446650 39647029
3799790 1876381 7961032 8342764 2626961 4169105 8639578 5967965 9006092 7881158 15041216 17943964 11093864 9249893 13160175 10787098 9487437 13136860 11921623 12085306 49076517 52781649 58446650 39952524 40985756 100788070 186906284 141640063 160015894
4047853 8342764 4250660 8639578 8854283 2381957 30713964 127968209
4169105 1876381 2626961 7352846 3465024 7213309 7529461 3799790 6535271 7479998 15041216 15536360 16036431 14649903 11600050 9818391 10787098 13650907 12090635 12990903 11921623 12085306 21781082 57127759 45187226 33022468 39952524 34787836 39647029 92588395 117703805 133437425
4232846 3397900 8114644 7352846 7529461 5967965 4683579 4858531 10787098 29057674 30713964 43543930 72806017 186906284
4250660 3064443 8854283 454211 11093864 10787098 12639231 52473311 30713964
4286132 12090635 33022468
4328861 3397900 7961032 7352846 7529461 7307576 9006092 4511648 17943964 11600050 9249893 11051777 9319110 10463896 13215792 13781585 58446650 30713964 76752723 93039602 154810065
4423467 7961032 7881158 4511648 17943964 11051777 30713964 92588395
4511648 4328861 9818391 9319110 76752723
4533977 7613897 10787098 45187226 33022468
4683579 7352846 4232846 9818391 10787098 51716765
4858531 3397900 5967965 4232846 11695636 10787098 25572593 72806017
4906651 2626961 7881158 10787098 11399300 12090635 34787836 76752723
5193950
5200269 4328861 10787098
5524097 6819267 1609758 10787098 12639231 38159759
5967965 3397900 8342764 2626961 8114644 7665058 7352846 214771 3799790 4858531 8106818 8043797 4232846 7627177 16973314 11600050 11147015 10100253 13160175 10787098 9487437 12686569 25572593 52781649 44939161 55118371 61353328 30713964 43543930 42471684 42256130 74017236 72806017 120176848 138464402
6054773 30713964 186906284
6058962 7961032 7213309 9006092 10787098 11921623 58446650 39952524 30906022 40985756 72797451 100788070 186906284
6066866 6111309 3397900 7352846 7529461 9006092 17943964 9249893 11051777 13215792 20412070 171163342
6111309 7213309 6066866 17943964 16048798 11051777 13215792 30713964
6119485
6169120
6209870 4169105 7677017 5967965 7479998 14645368 16036431 16093672 11600050 10391697 10787098 12090635 32892981 33022468 30713964 34787836 133437425 186906284 155972799
6466262 2626961 7352846 7529461 9006092 9249893 9954760 34787836
6535271 2626961 4169105 7213309 7158915 9006092 16036431 14649903 17943964 10391697 10787098 12090635 45187226 33022468 34787836 39647029 151579135 186906284 141640063 168403368
6631226 6649841 7529461 14133888 24431898 30713964 172677396
6649841 1876381 7961032 2626961 7529461 6631226 11600050 9818391 10787098 58446650 33022468 30713964 172677396
6669945
6819267 1876381 3064443 2381957 16093672 17943964 11051777 10787098 20412070 58446650 30713964 38159759
6890278 30713964 40985756
6901193 7961032 2381957 14133888 30713964 93039602
6925699
7158915 8114644 6535271 10787098
7213309 6111309 7961032 8342764 2626961 4169105 8639578 6535271 6058962 16036431 17943964 9818391 9319110 10787098 12090635 20412070 33022468 30713964
7307576 7406824 3397900 7352846 4328861 8718690 17943964 16048798 16161695 9818391 11051777 10463896 13781585 58446650 61353328 30713964 76752723
7352846 6466262 7406824 3397900 7961032 2626961 8114644 4169105 7665058 7529461 7307576 4328861 8639578 3543886 6066866 5967965 9006092 8718690 4683579 7881158 454211 4232846 16973314 15041216 16036431 17943964 16048798 16161695 11600050 10456346 9249893 11051777 10391697 9954760 9319110 9298526 13160175 10463896 10787098 9487437 13215792 14133888 11921623 20412070 58446650 45187226 44939161 49063773 61353328 33022468 30713964 39952524 32595609 43543930 39647029 42256130 72797451 76752723 72806017 92588395 168403368
7378455 11019358 23722027
7379946 8114644 39647029
7613897 1876381 1609758 7881158 4533977 10787098 100788070
7406824 7352846 7307576 17943964 16048798 16161695 9249893 11051777 10463896 10787098 26772669 49417066 61353328 30713964 32595609 76752723
7479998 1876381 4169105 7677017 16036431 10787098 12090635 33022468 34787836
7529461 6466262 1876381 3397900 7961032 2626961 4169105 7352846 6649841 4328861 6066866 6631226 9006092 7881158 4232846 16973314 16036431 16974208 17943964 16161695 10456346 9249893 11051777 9319110 10787098 13215792 14133888 12090635 11921623 20412070 58446650 49063773 33022468 30713964 39952524 34787836 40985756 39647029 100788070 172677396 154810065 168403368
7627177 3397900 7961032 5967965 10787098 9487437 30713964
7647370 7406824 7961032 4169105 7352846 7529461 4328861 3543886 7881158 4511648 454211 16048798 9249893 11051777 10463896 10787098 11921623 20412070 49417066 48681134 30713964 32595609 92588395
7665058 3397900 7352846 214771 5967965 11600050 13160175 10787098 9487437 55118371 61353328 30713964 72806017
7677017 7479998 16036431 14649903 11600050 10787098 12090635 33022468 30713964 34787836 133437425
7818296 10787098
7881158 4906651 7613897 1876381 7961032 7352846 7529461 3799790 3543886 9006092 454211 16974208 17943964 9249893 11051777 9298526 10463896 11921623 20412070 49076517 48681134 30713964 39952524 30906022 34787836 40985756 39647029 93039602 92588395 100788070
7907806 3397900 7961032 14527882 10787098 27676004 49417066 59769862 30713964
7961032 1876381 3397900 7907806 8114644 7352846 6649841 7213309 7529461 3799790 4328861 6058962 9006092 7881158 8043797 7627177 16973314 16036431 17943964 11600050 11051777 9319110 9298526 10787098 20412070 21288869 49417066 44939161 55118371 52529781 61353328 30713964 43543930 42471684 40985756 39647029 72797451 76752723 92588395 121830418 113822847 172677396 171163342 160015894 168403368 138464402
7980757 9249893
8043797 7961032 5967965 10787098 9487437 61353328 32892981 30713964 72806017
8106818 5967965 16093672 11147015 10478484 13933133 12367556 26772669 31390117 71570614 72806017 121830418
8114644 1876381 7379946 7961032 7352846 7158915 5967965 9006092 4232846 16973314 14645368 15041216 9249893 11147015 10787098 9487437 11921623 12085306 44939161 30713964 39952524 40985756 39647029 100788070
8342764 3397900 2626961 7213309 3799790 5967965 9006092 11093864 10787098 9487437 12990903 30713964 83238365
8402416 8404249 17943964 11051777 10463896 10787098 33022468
8404249 8402416 2626961
8416161
8639578 7352846 7213309 3799790 13136860 154810065
8718690 7352846 7307576 10787098
8854283 4250660 2381957 15041216 11093864 10787098 12990903 12639231 21781082 30713964
9006092 6466262 1876381 3397900 7961032 8342764 8114644 7352846 7529461 3799790 4328861 6535271 6066866 6058962 7881158 16036431 17943964 9249893 9954760 9298526 10787098 49076517 58446650 31340111 33022468 30713964 39952524 40985756 39647029 83238365 117567180 100788070 186906284 141640063 171163342
9095108 30713964
9249893 6466262 7406824 1876381 3397900 8114644 7352846 7529461 3799790 4328861 3543886 6066866 9006092 7881158 15041216 11051777 9319110 10463896 10787098 11921623 49076517 58446650 48681134 55118371 30713964 40985756 39647029 76752723 92588395 100788070 172677396
9298526 7961032 7352846 9006092 7881158
9319110 1876381 7961032 7352846 7213309 7529461 4328861 4511648 9249893 9954760 10787098 13781585 30713964 43543930 121830418 113822847
9487437 1876381 8342764 8114644 7665058 7352846 214771 3799790 5967965 454211 8043797 7627177 10727011 13160175 10787098 11399300 12686569 25572593 22636992 48900088 52781649 58446650 49063773 55118371 61353328 38474549 30713964 39952524 43543930 42471684 40985756 72806017 100788070 138464402
9586646 12639231
9818391 4169105 6649841 7213309 7307576 4683579 4511648 10787098 13136860 11921623 52473311 57127759 51716765
9954760 6466262 7352846 9006092 9319110 10787098 11921623 20412070 58847241 43543930 76752723 93039602 172677396
10100253 5967965 25572593 120176848
10270660 14645368 16036431 155190395
10391697 1876381 7352846 6535271 16973314 16036431 16048798 11600050 11147015 10463896 10787098 13650907 25100664 29057674 49417066 52781649 49063773 61353328 33022468 30713964 34787836 133437425 151579135 173956993 168403368
10422450
10456346 7352846 7529461 14527882 10787098 30713964 43543930
10463896 8402416 7406824 7352846 7307576 4328861 7881158 15422459 17943964 16048798 16161695 11600050 9249893 11051777 10391697 10787098 13215792 20412070 26772669 49076517 49417066 58446650 48681134 61353328 31340111 30713964 32595609 76752723 135538581
10478484 8106818 11147015 12367556 12686569 48900088 55118371 30713964 42471684 74017236 72806017 138464402
10492029 26772669
10727011 10787098 9487437 52781649 55118371
10787098 8402416 4906651 7406824 7613897 1876381 3397900 7907806 7961032 8342764 2626961 6819267 8114644 4169105 7665058 7352846 6649841 214771 7213309 4250660 7529461 3799790 7158915 6535271 7677017 2420090 1609758 7818296 6058962 5967965 9006092 8718690 4683579 4858531 4533977 7479998 8854283 454211 8043797 4232846 7627177 16973314 16240800 15041216 16036431 15422459 14527882 14525155 16875318 16093672 15054485 14649903 17943964 16048798 16161695 11600050 10456346 11019358 11093864 9249893 9818391 11051777 10391697 10727011 11147015 9954760 9319110 13160175 10463896 9487437 11399300 13215792 13650907 13781585 14133888 12090635 12367556 12686569 12639231 13013083 13727185 25719627 25572593 23722027 27676004 29057674 20412070 24431898 26772669 21781082 28493917 28675423 48900088 49417066 52781649 58446650 45187226 44939161 49063773 55118371 61353328 59769862 32892981 31390117 33022468 30713964 39952524 38159759 32595609 33997095 43543930 34787836 40985756 39647029 42256130 74017236 76752723 93039602 72806017 90134160 117567180 120176848 133437425 113822847 100788070 186906284 172677396 171163342 160015894 155972799 168403368 138464402
11019358 7378455 10787098 23722027 49417066 30713964
11051777 8402416 7406824 1876381 6111309 7961032 6819267 7352846 7529461 7307576 4328861 6066866 7881158 16974208 17943964 16048798 16161695 11600050 9249893 10463896 10787098 13215792 13781585 11921623 29057674 20412070 26772669 49417066 58446650 48681134 61353328 30713964 39647029 76752723 92588395 168403368
11093864 8342764 2626961 4250660 3799790 8854283 15041216 10787098 12990903 12639231 28493917 39952524 83238365
11147015 8114644 5967965 8106818 16093672 10391697 10478484 10787098 13556419 12367556 12686569 44727191 47074075 55118371 52529781 30713964 71570614 72806017 121830418 156573671 160015894 138464402
11399300 4906651 10787098 9487437 61353328 30713964 43543930 168403368
11600050 7961032 2626961 4169105 7665058 7352846 6649841 4328861 7677017 5967965 16036431 14649903 16048798 11051777 10391697 10463896 10787098 27676004 20412070 24431898 26772669 49417066 49063773 61353328 59769862 32892981 33022468 30713964 32595609 133437425
11695636 4858531 30713964
19564277 172677396
20189512 6535271 454211 15041216 12090635 45187226
20412070 1876381 7961032 6819267 7352846 7213309 7529461 6066866 7881158 16973314 17943964 11600050 11051777 9954760 10463896 10787098 29057674 24431898 49417066 58446650 49063773 49290559 30713964 34787836 41950040 76752723 93039602 173956993
21288869 7961032 11921623 45187226 38159759 133751066
21781082 2626961 4169105 8854283 10787098 12639231 61353328 30713964 168403368
21844733
21876710 15536360 33022468
22636992 9487437
23006472 57127759 173956993
23722027 7378455 11019358 10787098 27676004 30713964
24431898 6631226 16973314 15054485 11600050 10787098 14133888 20412070 49417066 49290559 30713964 34787836 41950040 93039602 172677396
25100664 16973314 16093672 10391697 49417066
25564156 61353328
25572593 3397900 5967965 4858531 10100253 13160175 10787098 9487437 44939161 61353328 30713964 72806017 120176848 168403368
25719627 10787098 12639231 33022468 30713964 117703805
26267975 26772669
26772669 7406824 8106818 15743826 14798743 14525155 17798034 16093672 17943964 16048798 16161695 11600050 11051777 10463896 10787098 13714228 26267975 49417066 61353328 30713964 32595609 33997095 76752723 168403368
27198850 15422459 61353328
27676004 7907806 16036431 14525155 16048798 11600050 10787098 11921623 23722027 49417066 59769862 30713964
27717077 30713964
28360964 61353328 140671281
28493917 3064443 11093864 10787098 30713964
28675423 10787098
28839161 57127759
29057674 4232846 16036431 11051777 10391697 10787098 20412070 58446650 30713964
29464920
30358061 13661646 80686713
30713964 7406824 1876381 6111309 3397900 7907806 6890278 7961032 8342764 6819267 8114644 7665058 7352846 3465024 6649841 214771 7213309 4250660 7529461 3064443 7307576 4328861 6054773 7677017 2420090 6631226 5967965 9006092 7881158 8854283 8043797 4232846 7627177 2381957 16973314 15041216 16036431 15422459 14527882 14525155 15054485 17943964 16048798 16161695 11600050 10456346 11019358 9249893 9095108 11695636 11051777 10391697 11147015 10478484 9319110 10463896 10787098 9487437 11399300 13215792 13650907 14133888 12090635 13509423 12686569 12990903 11921623 12639231 13013083 13727185 25719627 25572593 27717077 23722027 27676004 29057674 20412070 24431898 26772669 21781082 28493917 44727191 49076517 49417066 52781649 48681134 44939161 49063773 55118371 49290559 61353328 31340111 31390117 38159759 32595609 43543930 42471684 34787836 42256130 41950040 74017236 72797451 76752723 93039602 72806017 92588395 91784409 83238365 133437425 151766790 186906284 172677396 173956993 168403368 138464402
30906022 2626961 6058962 7881158 58446650 39952524 40985756
31340111 9006092 14525155 17943964 16161695 10463896 49417066 30713964 155972799
31390117 8106818 16093672 10787098 13933133 44727191 30713964 74017236 93039602
32595609 7406824 7352846 2420090 16973314 16036431 17943964 16048798 11600050 10463896 10787098 13781585 26772669 49417066 52781649 55118371 61353328 30713964 42256130 96663031 133437425
32892981 8043797 14649903 11600050 10787098
33022468 8402416 1876381 2626961 4169105 7352846 4286132 6649841 7213309 7529461 6535271 7677017 9006092 4533977 7479998 15536360 16036431 14649903 17943964 11600050 10391697 10787098 13650907 12090635 25719627 21876710 52473311 45187226 34787836 39647029 117567180 133437425 151579135 173956993 168403368
33341426
33344034 1876381 11051777 10787098 30713964 32595609 72806017
33997095 15743826 16093672 10787098 26772669
34787836 4906651 6466262 1876381 2626961 4169105 7529461 6535271 7677017 7881158 7479998 16036431 14649903 10391697 10787098 14133888 12090635 20412070 24431898 49417066 61353328 33022468 30713964 93039602
35582850
36770072 1609758 30713964
36771136 15041216
38159759 1876381 6819267 3064443 2381957 10787098 12639231 21288869 30713964
38474549 9487437 173956993
39647029 7379946 7961032 8114644 4169105 7352846 7529461 6535271 3543886 9006092 7881158 17943964 9249893 11051777 10787098 11921623 12085306 13727185 58446650 48681134 44939161 33022468 39952524 40985756 72797451 72806017 92588395 100788070
39952524 1876381 2626961 8114644 4169105 7352846 7529461 3799790 6058962 9006092 7881158 11093864 10787098 9487437 49076517 58446650 30906022 40985756 39647029 100788070 141640063
40985756 1876381 6890278 7961032 8114644 7529461 3799790 6058962 9006092 7881158 17943964 9249893 10787098 9487437 13215792 11921623 58446650 39952524 30906022 39647029 97767573 100788070 186906284 141640063
41950040 15054485 17943964 20412070 24431898 49290559 30713964 93039602
42256130 7352846 5967965 10787098 61353328 30713964 32595609 72806017 90134160
42471684 7961032 5967965 10478484 9487437 12686569 48900088 55118371 30713964 72806017 141640063
43543930 3397900 7961032 7352846 2420090 5967965 4232846 14798743 16048798 10456346 9954760 9319110 10787098 9487437 11399300 49417066 55118371 61353328 30713964 72806017 168403368
11915169
11921623 1876381 8114644 4169105 7352846 7529461 3799790 6058962 7881158 454211 16974208 17943964 16048798 9249893 9818391 11051777 9954760 27676004 21288869 58446650 45187226 48681134 30713964 40985756 39647029 72797451 92588395 100788070
11977575 103180463
12085306 8114644 4169105 3465024 3799790 15041216 16093672 13136860 57127759 39647029 72806017 186906284
12090635 4906651 1876381 4169105 4286132 7213309 7529461 6535271 7677017 7479998 15041216 16036431 14649903 10787098 13650907 12639231 33022468 30713964 34787836 133437425 151579135 186906284 173956993 168403368
12367556 8106818 16093672 11147015 10478484 10787098 49063773 71570614 72806017 121830418 102319635
12639231 1876381 3465024 4250660 8854283 15041216 9586646 11093864 10787098 12090635 12990903 25719627 21781082 55118371 30713964 38159759
12686569 5967965 16093672 11147015 10478484 10787098 9487437 48900088 55118371 61353328 30713964 42471684 74017236 72806017 168403368 138464402
12990903 8342764 4169105 3465024 8854283 2381957 11093864 12639231 30713964
12992165
13013083 10787098 30713964
13020021 2626961 4169105 9249893 9818391 10787098 33022468
13136860 3799790 8639578 16093672 9818391 12085306 61353328
13160175 3397900 7665058 7352846 3799790 5967965 154455263 10787098 9487437 25572593 61353328 72806017 97767573
13215792 6111309 7352846 7529461 4328861 6066866 11051777 10463896 10787098 58446650 30713964 40985756 76752723
13509423 30713964
13556419 11147015
13650907 4169105 454211 16036431 10391697 10787098 12090635 33022468 30713964 173956993
13661646 30358061
13714228 16093672 26772669 136330022
13727185 10787098 30713964 39647029
13781585 7307576 4328861 11051777 9319110 10787098 32595609 76752723
13933133 8106818 1837353 44727191 31390117
14130586
14133888 7352846 7529461 6631226 16973314 10787098 24431898 49290559 30713964 34787836 93039602 172677396
14525155 10787098 27676004 26772669 59769862 31340111 30713964
14527882 7907806 10456346 10787098 30713964
14645368 8114644 10270660 155190395
14649903 2626961 4169105 6535271 7677017 16036431 16093672 11600050 10787098 12090635 32892981 33022468 34787836
14798743 26772669 43543930
15041216 1876381 2626961 8114644 4169105 7352846 3799790 8854283 11093864 9249893 10787098 12090635 12639231 12085306 30713964 36771136 76752723
15054485 10787098 24431898 49417066 49290559 30713964 41950040
15422459 10463896 10787098 27198850 61353328 30713964
15536360 2626961 4169105 3465024 16036431 21876710 57127759 45187226 44939161 33022468
15743826 16093672 26772669 33997095
16036431 1876381 7961032 4169105 7352846 7213309 7529461 6535271 7677017 9006092 7479998 15536360 14649903 16048798 11600050 10270660 10391697 10787098 13650907 12090635 27676004 29057674 49417066 44939161 61353328 33022468 30713964 32595609 34787836 133437425 155972799
16048798 7406824 6111309 7352846 7307576 16036431 14525155 16974208 17943964 16161695 11600050 11051777 10391697 10463896 10787098 11921623 27676004 26772669 49417066 61353328 59769862 30713964 32595609 43543930 76752723 135538581 168403368
16093672 1876381 6819267 8106818 15743826 17798034 14649903 11147015 10787098 13136860 12367556 12686569 13714228 12085306 25100664 26772669 44727191 47074075 52529781 31390117 33997095 121830418 136330022 156573671 155972799 138464402
16161695 7406824 7352846 7529461 7307576 17943964 16048798 11051777 10463896 10787098 26772669 49417066 58446650 61353328 31340111 30713964 76752723
16240800 10787098
16875318 10787098
16973314 7961032 8114644 7352846 7529461 5967965 16974208 10391697 10787098 14133888 25100664 20412070 24431898 61353328 30713964 32595609 93039602 172677396
16974208 7529461 7881158 16973314 16048798 11051777 11921623 96663031 92588395
17798034 16093672 26772669
17943964 8402416 7406824 1876381 6111309 3397900 7961032 6819267 7352846 7213309 7529461 3799790 7307576 4328861 6535271 6066866 9006092 7881158 16048798 16161695 11051777 10463896 10787098 11921623 20412070 26772669 49417066 58446650 48681134 61353328 31340111 33022468 30713964 32595609 40985756 39647029 41950040 76752723 92588395 154810065 171163342 168403368
18076022 52473311
18853337
18903434
19026773
19183662
220422380
242395232
44112952
44727191 16093672 11147015 13933133 47074075 52529781 31390117 30713964 121830418 156573671
44939161 1876381 3397900 7961032 8114644 7352846 5967965 15536360 16036431 10787098 25572593 58446650 30713964 39647029 173956993
45187226 4169105 7352846 6535271 4533977 15536360 10787098 11921623 21288869 33022468 81568724 133751066
47074075 16093672 11147015 44727191 52529781 121830418 156573671
48681134 7881158 17943964 9249893 11051777 10463896 11921623 58446650 30713964 39647029 76752723 92588395
48857059 30713964
48900088 10478484 10787098 9487437 12686569 42471684 74017236 72806017 138464402
49063773 7352846 214771 7529461 11600050 10391697 10787098 9487437 12367556 20412070 61353328 30713964 76752723 113822847
49076517 2626961 3799790 9006092 7881158 9249893 10463896 30713964 39952524 92588395 84400944 151766790 173956993
49290559 15054485 14133888 20412070 24431898 30713964 41950040
49417066 7406824 1876381 7907806 7961032 16036431 15054485 17943964 16048798 16161695 11600050 11019358 11051777 10391697 10463896 10787098 25100664 27676004 20412070 24431898 26772669 52781649 61353328 59769862 31340111 30713964 32595609 43543930 34787836 76752723 93039602
50195599 10787098 30713964
51716765 4683579 9818391
52473311 4250660 18076022 9818391 33022468 106456657
52521996
52529781 7961032 16093672 11147015 44727191 47074075 121830418 156573671
52781649 3799790 5967965 10391697 10727011 10787098 9487437 49417066 30713964 32595609 72806017
55118371 7961032 7665058 214771 5967965 9249893 10727011 11147015 10478484 10787098 9487437 12686569 12639231 61353328 30713964 32595609 43543930 42471684 74017236 72806017 133437425 138464402
57127759 2626961 4169105 3465024 15536360 9818391 12085306 23006472 28839161
58446650 1876381 6819267 7352846 6649841 7529461 3799790 7307576 4328861 3543886 6058962 9006092 17943964 16161695 9249893 11051777 10463896 10787098 9487437 13215792 11921623 29057674 20412070 48681134 44939161 39952524 30906022 40985756 39647029 72797451 76752723 92588395 141640063 168403368
58847241 9954760
59769862 7907806 14525155 16048798 11600050 10787098 27676004 49417066 72797451
61353328 7406824 3397900 7961032 7665058 7352846 214771 7307576 5967965 8043797 16973314 16036431 15422459 17943964 16048798 16161695 11600050 11051777 10391697 13160175 10463896 10787098 9487437 11399300 13136860 12686569 27198850 25572593 25564156 28360964 26772669 21781082 49417066 49063773 55118371 30713964 32595609 43543930 34787836 42256130 76752723 72806017 90134160 120176848 113822847 172677396 168403368 140671281 138464402
65263660
67160297
68955935 156573671
70089565
70709645 7352846 5967965 15041216 9249893 10787098 30713964
71570614 8106818 11147015 12367556
72797451 7961032 7352846 6058962 11921623 58446650 59769862 30713964 39647029 141640063
72806017 3397900 7665058 7352846 5967965 4858531 8106818 8043797 4232846 11147015 10478484 13160175 10787098 9487437 12367556 12686569 12085306 25572593 48900088 52781649 55118371 61353328 30713964 43543930 42471684 39647029 42256130 74017236 133437425 138464402
74017236 5967965 10478484 10787098 12686569 48900088 55118371 31390117 30713964 72806017 138464402
76752723 4906651 7406824 1876381 7961032 7352846 7307576 4328861 4511648 15041216 17943964 16048798 16161695 9249893 11051777 9954760 10463896 10787098 13215792 13781585 20412070 26772669 49417066 58446650 48681134 49063773 61353328 30713964 154810065 171163342 168403368
77133983
77164319
78901442
80686713 30358061
81205602
81568724 45187226
83238365 8342764 9006092 11093864 30713964 141640063 173956993
84400944 49076517 173956993
85552530
90134160 10787098 61353328 42256130
91784409 30713964
92588395 3397900 7961032 4169105 7352846 7881158 16974208 17943964 9249893 11051777 11921623 49076517 58446650 48681134 30713964 39647029
93039602 4328861 7881158 16973314 9954760 10787098 14133888 20412070 24431898 49417066 31390117 30713964 34787836 41950040 172677396
95649116
96065809
96663031 16974208 32595609
97337113 1876381 7961032 8114644 7352846 7158915 7881158 16036431 10787098 9487437 11921623 30713964
97767573 13160175 40985756
100788070 7613897 1876381 8114644 7529461 3799790 6058962 9006092 7881158 9249893 10787098 9487437 11921623 39952524 40985756 39647029 141640063
102319635 12367556
103180463 11977575
105509814 4858531 17943964 58446650
106456657 52473311
110644343
110877667
112130820
113822847 7961032 9319110 10787098 49063773 61353328
117567180 9006092 10787098 33022468
117703805 4169105 25719627 136913802 127968209
118007939
118031910
120176848 5967965 10100253 10787098 25572593 61353328 168403368
121830418 7961032 8106818 16093672 11147015 9319110 12367556 44727191 47074075 52529781 156573671
127968209 117703805
129646170 6058962 17943964 171163342
133437425 4169105 7677017 16036431 11600050 10391697 10787098 12090635 55118371 33022468 30713964 32595609 72806017 155972799
133751066 21288869 45187226
134772148
135538581 16048798 10463896
136330022 3465024 16093672 13714228
136913802 117703805
137243785
138287178
138464402 7961032 5967965 16093672 11147015 10478484 10787098 9487437 12686569 48900088 55118371 61353328 30713964 74017236 72806017
140671281 28360964 61353328
141640063 3799790 6535271 9006092 58446650 39952524 42471684 40985756 72797451 83238365 100788070 186906284
151579135 6535271 10391697 12090635 33022468 173956993
151766790 49076517 30713964
154455263 13160175
154810065 1876381 7529461 4328861 8639578 17943964 76752723 172677396
155190395 14645368 10270660
155972799 16036431 16093672 10787098 31340111 133437425
156573671 16093672 11147015 44727191 47074075 52529781 68955935 121830418
158316989
160015894 1876381 7961032 3799790 11147015 10787098
168403368 1876381 7961032 2626961 7352846 7529461 6535271 17943964 16048798 11051777 10391697 10787098 11399300 12090635 12686569 25572593 26772669 21781082 58446650 61353328 33022468 30713964 43543930 76752723 120176848
169282003
171163342 1876381 7961032 6066866 9006092 17943964 10787098 76752723
172677396 7961032 6649841 7529461 6631226 16973314 9249893 9954760 10787098 14133888 19564277 24431898 61353328 30713964 93039602 154810065
173956993 1876381 10391697 13650907 12090635 23006472 20412070 49076517 44939161 38474549 33022468 30713964 84400944 83238365 151579135
178486543
179149067
180083509 3397900 7627177 10787098
181528354
186906284 1876381 214771 3799790 6535271 6054773 6058962 4232846 10787098 12090635 12085306 30713964 40985756 141640063
197649078
