66590259
19342423
10081539
11614981
13542326
6176455
67536957
16695343
85357101
11398747
189010844
6490071
3602343
132149243
15894730
5245710
18797977
14682156
10112305
180618709
14731850
7978903
3808835
16246064
11541354
24402118
16829466
25807142
6635723
16653967
79378985
124025134
20662703
885306
89630424
17409108
244967990
20805091
23354324
23081164
70071517
18693844
8155787
6474605
11618328
8239101
21920895
7652075
182308936
26455409
20174974
16662608
10187545
12850287
31060175
14274412
23417774
184901141
10396452
3166747
64316800
50916945
131641052
10262133
11231658
15008550
14039308
16202021
23262425
197365587
34683144
37135587
11345729
16903903
85388385
12997364
33734214
6648088
161172940
144405117
28692064
29272542
13679332
22493235
16726465
71352208
4214721
56450511
7517256
17519338
24130243
16815821
90164637
12884265
71838520
188207432
21109889
138234985
10422921
11782304
16889393
10082928
17086750
15650898
10940430
66451484
13013858
76588280
23232295
14750038
19875942
19628100
26686446
13927092
27431508
9512765
45655026
145123
24042533
98885054
8799956
8361990
9191130
206913442
32608955
30754886
47660699
173871839
20741750
8880538
15594632
17196845
11338653
92580714
21876467
25488694
44706645
38486566
9517165
28674639
12792224
3659349
11996043
40582281
20085848
36447358
4450613
11931905
138980246
8868731
33798754
33906735
19154957
20032672
22896360
57195775
11330357
34779898
26407106
16859946
12599430
10592661
28072080
18806270
18407754
10260518
13190561
10135174
13159772
13153782
10953391
20735260
40445749
13710225
18286799
19372461
115933879
22778688
5130796
11771016
18441299
14335131
5811790
14381928
11417866
16783878
23736925
17777090
16056608
25888379
48824763
11996125
12504355
15928085
19343135
126696368
30199212
20692161
24048646
35818176
6801885
25560591
8071230
12416679
16068889
34719964
41400026
19951287
132930208
29585979
11731446
13067473
10233550
22240842
11375321
24259094
24243868
13859108
24096285
19503429
9570637
10768898
11584660
15973205
71650975
22116142
62170018
45404394
29811365
11154021
26492632
21667327
20795012
194429967
9789062
46388162
23020590
23821224
22373728
62460443
44228940
10543214
29167549
16725026
3937486
24379577
27803477
19648983
6946275
12442063
18766794
18031277
53556389
20828904
44948162
18135222
8227355
14953835
73940126
49674954
47770909
88551140
83137495
95682278
25821851
19024454
20417405
32276532
32436786
107572841
112629420
9545465
29893714
21602663
16621669
133806076
39818406
11169404
12623063
13587022
57126189
41086417
58404720
19317228
21052787
141920404
40250099
27202468
18642650
31226231
15782681
15308602
17787898
27100004
21187425
11526953
18041129
122139736
6617376
20022252
23253043
20699672
21080793
15620297
7239871
11824058
13969322
59355388
48551173
25635531
44908019
28063703
15129191
26676596
50967676
24414180
155580529
12931763
8359887
20716106
14915924
14140791
23951303
152161984
6064293
140067033
15036714
13857365
18697309
6835077
40741886
18449819
13706852
9499706
29293671
18373494
52410673
38095433
10049996
115531766
33699998
27673866
28350788
11046474
13221689
58318034
18448894
19385550
10283511
10531704
10622002
28359987
26218571
14736562
9443366
225748133
11426240
55455980
10058489
21177437
14844722
8679207
11098199
21163381
44816296
7446172
32232354
15598186
18170824
8860329
11631147
55777915
5917462
57372393
17818122
11728047
32191246
215276390
11377216
43569909
22706390
176127151
41139292
131941285
25493492
91329636
17462347
19208850
22865599
81651384
16282737
6461231
111614523
24509557
25639518
25891553
50545175
29413274
10785360
27561397
8372250
18167659
14319935
38635000
22592746
146829837
29724134
21342804
67026596
96295836
20297689
32449301
38505533
23246632
20095190
8975333
30570965
13879732
27380814
7338011
93050282
55231302
3197155
98413206
20071191
21151800
47868238
91655562
223641680
9757458
16249864
15810456
31338820
48436822
13311409
41264437
17574960
69640620
14849597
17022112
20657893
11709967
11357768
4387701
37075801
16018271
14791713
36753773
15681903
44283461
22874843
63514098
85382066
13981249
52125760
12129868
29047434
16405104
9012124
16373436
17935492
6092425
24693184
4957275
17901735
115773136
10240825
20661283
10970107
9174817
89088868
32919154
24146135
28550294
134941799
14030906
11037005
51433339
18172923
81106905
9922366
2942843
22510733
15561042
6033527
9044293
22607641
36350334
37591448
10945679
26600056
43588791
14216531
93374842
25795801
10404925
16187073
21396994
133543139
18732435
22108912
56882164
18709556
17321415
27747587
27213358
52524914
5142989
8017692
33030550
43009978
23266730
17732856
26654572
10752648
20457342
27013634
52047821
12924826
120640081
13274163
12323235
69432723
20668060
12909449
68841490
11642301
9599581
25554388
45314539
2048656
9363654
36447225
29055446
33918851
135176630
21727309
16249622
46067788
11465783
100970898
55950126
13950195
4250778
44175732
49444292
10777942
126483385
18237696
14898628
17512761
7468149
96672521
20574308
20324987
20163976
150563736
24188842
8389403
20090068
44654762
10958974
21075651
19106669
17470820
25066314
78956762
57345517
53581967
9775362
128648098
44021326
19241387
6411475
13136824
54729734
29296690
15600100
14326126
49479440
96901863
87001814
6758738
14498085
91744640
16097755
10076779
21747684
15989104
32079182
84194125
8443382
15611350
16413438
30425471
12508226
13993570
33477276
126031311
7813175
51269103
17423377
84702088
4552616
10102408
34171358
14209000
140538606
202193763
18220858
53030238
17321296
9802431
25130859
24096547
23544619
14405940
24192354
18230544
16574432
29813455
89410792
21451171
7756959
25174865
33797829
7372125
3427100
28538108
28537826
15446831
16501940
178081854
59780404
15873433
107747362
2550511
18598905
97924682
123431616
9653968
33503297
68639669
31706642
9948907
65402457
4894195
35950111
6252767
30884215
5820288
23112560
43896492
11763710
18089683
49520536
47369180
39793511
54854390
22330646
11938672
38412526
17132063
19481420
10594197
8374646
30207168
7891191
22781525
5360019
75718432
14668515
42699817
37330540
111671222
32586054
59787583
2496930
8044690
96743631
22724339
21116972
29390278
13349896
26028795
21862948
34452900
20115324
23974469
75630806
36725481
109565186
11396352
38920592
8989997
22929602
15188945
87830324
30391430
114745065
19582789
21635595
23175054
172794180
17409092
15566809
43669438
11109725
3533950
5770622
12226899
45133313
22555353
12841990
20595187
57437618
37876889
15845141
51330903
30410075
10906539
21095349
18717673
94403591
111146287
20611433
12248280
36633903
22362474
21752678
15953873
10926792
29666200
93530962
48855585
18064562
19318347
59043407
26068518
18776550
75566296
29378924
10919372
25483662
12669956
13438969
16210727
115180174
13393641
108002501
25587064
13978320
46878347
17523093
87335988
13395170
25520239
19257424
62662899
108363220
20333753
14117924
54800766
18147869
12093835
17615525
94056818
134895195
25450399
19675996
137095146
6797478
23049609
15702851
12729966
22256977
36475414
32440762
16427939
23123615
16293405
78231151
6934565
11902489
82020351
57315150
15761351
4838059
10310887
37551540
88673988
60782956
15924255
33545261
137862506
17037342
31081649
20121835
101041223
90804055
8187740
22232722
32589061
40559701
15515072
18584681
15541039
19775487
53083159
164728777
20287357
21769998
177895830
29684716
14120202
55683582
28637077
11155218
59316673
6763084
24201519
17766076
56439385
8750280
28395538
5366866
21236334
14413615
21096020
14500786
112814619
39852074
6478125
138922463
14492941
20296213
18185721
10536886
20189472
19956099
14936014
16300798
12901507
19161002
140364574
14829960
9580287
10123787
20194288
19827604
37481132
14104654
18667966
25481130
23142279
64422534
7173517
29744144
15993979
21531891
10520739
17591033
22005142
16421090
8371302
64047821
31244608
112506056
16292942
17003373
30422270
30327852
18866961
107303376
13347386
6286493
10468635
95600984
2398823
17550922
9120348
25126308
260651048
19446756
17784697
8720940
120698206
13664719
6948248
125044848
88609833
20226952
15678636
25275590
25612287
17644792
113535216
28423925
53474543
11209934
42688436
29052335
14544046
16010899
11022574
129871852
30603640
15985600
136742638
77809072
18467541
30037238
113598889
55314984
15418931
5896457
16313601
27167314
7577842
9924831
27434076
39023369
20392233
16261877
12344428
49375742
6146377
20199098
3773260
2329727
14183547
143128805
34896748
24207321
6026113
133307875
49230381
16266520
23278981
11715505
11709815
20744604
49794427
22401453
9882934
264216418
21242002
48523882
12275424
51279579
20372609
12196685
11439571
24369795
19841503
137238084
25833513
21423221
137301816
5974571
51719349
13956483
23471701
7684776
15635432
61626816
120682774
13750543
6711774
102189472
28058066
13514278
100463147
12492688
32782170
33617721
11395434
12802049
8938296
20244695
10680757
5889097
21516882
11913134
52571156
9950552
5554009
15597406
64884144
67975022
132389253
19860600
94208090
4101854
10121599
18174142
6267548
6360931
30221408
4082596
9772436
157968625
5351451
25947829
15916415
23527319
7541234
21393185
2716653
23145173
16095243
24026544
22750780
31431845
21426603
12342663
8054553
16591265
30738767
62822248
128265428
107122961
37622783
75499283
20719316
19488716
208067412
25483965
26359516
21926695
14303780
53586643
20135885
13982959
31434319
35591966
25395156
8249490
23551189
41681632
31038978
23554560
19704331
27116546
16553127
1531819
11017209
13677474
22358291
67323810
85083933
22603061
13527114
32861516
27023706
49239114
22720120
44873295
52761679
7755433
70991635
21090879
9240845
90843002
19598023
35542172
12960701
90675890
20616885
72383941
6756264
10854583
8408263
42271371
103910349
30414750
244759512
12402292
25172962
7215494
15052179
10011378
28051929
89532846
28835199
10908096
36567994
16670942
13104773
138619587
20797405
24060622
5829828
65024632
26381544
70305295
77844266
19374328
34674547
16601865
44518824
12683861
27196403
22911859
31816674
30651151
61223069
22234640
75225147
4253599
99857344
115154147
14708936
67903940
21305865
13673292
6946191
30550829
29953850
16345689
11416212
8608102
27303967
16090243
16782881
129015859
46477725
93702097
87791068
78738824
37749945
21702884
122541815
55217835
30719878
30528658
21514012
29534619
8965220
231979387
107739698
159656224
16234534
34433902
26357519
18801754
19640768
145014108
56607262
16177724
10680280
32893728
32292955
19245002
28398780
66646939
7979228
12118815
17956266
8611252
59394091
92499780
20117539
12508016
