453556
695059 2626961 4093165 4839563 6836089 6407026 7267602 8035037 9296267 9224422 10388660 10814304 10748894 13826727 13386869 16485601 17055796 17549828 19745024 22619805 24461493 25293165 36960163 36368926 52064835 73610249 135994702 142998401
721774 2626961
1142510 13826727
1371607 7428554
1466791
1483679
1535880 7608826 30348419 54877481
1679346 171643453
1726618
2152244
2152760
2287192 43181670
2312829 3969110 15650644
2326141 3546284 6836089
2329189
2355840 3787714 5065559 11495545 22619805 45515335 56878655
2373052
2398669 3799790 12092440
2423555 43181670
2450165 5656035 8394514 8140338 7820814 8025905 10091549 20544712 96127835
2588256 6116100 7518571 9628287 12202458
2589698 3147024 3307220 5512943 5012793 6087698 7143445 7820814 8639578 10453739 19147027 20544712 22619805 32294845 32123134 91715763 185521588
2626961 4061846 3702637 721774 3787714 695059 3546284 4062284 2634471 3799790 3969110 5958655 4839563 5512943 6649841 6836089 6888366 6407026 6864712 7267602 8315019 8035037 7529461 9281262 9224422 9792990 10388660 10216853 10785780 10748894 12197709 11600050 11773779 11767106 12774618 12933341 13826727 14649903 14465069 16485601 16940876 17549828 20578778 20767733 21014881 23006147 22619805 24461493 25293165 27133684 28376352 28465283 28837199 31562534 30905883 32294845 36960163 36368926 40325833 48542912 51394115 51151356 54877481 52064835 64445134 86484546 99332071 103144427 100291599 125477470 136085790 141870190 153515832 148876273 158590447 158019198 168403368 174291546 171643453 185521588 201841497 212772060
2634471 2626961 4062284 3799790 6005234 4747616 6836089 6407026 6504579 7831825 7837813 7529461 8928666 8664739 10388660 11495545 11421984 13826727 20341915 22257619 25215682 32505357 75268692 97137196 100291599 124638928 136085790 168403368 176703948
2679554
2756485
2810374
3147024 3307220 2589698 5512943 6836089 7143445 7820814 17149919 19147027 22619805 91715763
3174572 6349354 19210207
3185794 19634940
3230349 96136330
3203992 4747616 6836089 6888366 6407026 6628094 7148674 8238567 7518571 11566842 14753222 18555121 19384520 23956663 28760824 35877611 36284304
3307220 3147024 2589698 5684366 5512943 6087698 11773779 19147027 91715763
3315072 12391076
3422245
3546284 2626961 2326141 6836089 14172585 22619805 24461493 136085790
3554855
3621500 7529461 27854321
3672267
3702637 2626961 6182659 5512943 6087698 6434362 7143445 19147027 40443511
3707511 7143445
3770723
3782800 32917244 84363840 113861533 148876273 174291546 208565185 234834964
3787714 2626961 3799790 3787999 2355840 4573913 4880971 4839563 4747616 6836089 6888366 6741596 6628094 7267602 8185065 8035037 7627903 10143064 10785780 12197709 13826727 13221547 14465069 16485601 16940876 19745024 22164449 23956663 28794215 30348419 32503662 39091151 39647029 45515335 86484546 106670735
3787999 3787714 6836089 6628094 7518571 10748894 12639231 11566842 13513506 17427086 18555121 19384520 20586159 22619805 23956663 24776558 28376352 32354336 36284304 52155232 69671533 136085790
3799790 2398669 3787714 2626961 2634471 3969110 4839563 6836089 6888366 6864712 8639578 9819520 11544487 11495545 13826727 14465069 21705907 21014881 22619805 24461493 26457545 28376352 31562534 31586288 34201982 32503662 34846641 39798313 52064835 81662093 84394529 90732299 89186508 99332071 119433580 136085790 141640063 148876273 168929723 163279875 180066589 186906284
3845964
3969110 2626961 2312829 3799790 4839563 8035037 10216853 11566842 15650644 14465069 24812585 52064835 106670735 174291546
4003613
4061846 2626961 4839563 8187343 7428554 12412100
4062284 2626961 2634471 4747616 6836089 6504579 7160017 7524287 7529461 10388660 12697912 11773779 11495545 13386869 16485601 20440206 22619805 24461493 25662804 45187226 72010157 96127835 100291599 158590447 178792008 212772060
4066406
4093165 695059
4102944 4288604 5134835
4158494 6836089 11767106
4174116 7524287 7529461 168403368
4205451 36368926
4284882 5874715 6964388 96136330
4288604 4102944 6087698 6905704 19198621 24125368
4416495 4839563 63336017
4455844 7267602
4465447
4478637
4492016 7267602 20767733 22501519 84394529
4508130
4555849 4839563
4559487
4573913 3787714
4591359
4622857 6407026 8035037
4644838
4671939
4703479 52064835
4733469 4880971 6349354 19210207
4747616 3787714 3203992 4062284 2634471 4839563 6136666 6888366 6407026 11421984 13806746 16068161 16940876 52064835
4794655 6159124 6836089 6407026 9033021
4839563 4061846 4555849 3787714 695059 4416495 2626961 3799790 3969110 4880971 5822223 4747616 6836089 6888366 6741596 6407026 6864712 7267602 7254112 7061092 8185065 8035037 7529461 7627903 7428554 9352871 8765087 9224422 10216853 10785780 10748894 11495545 13826727 16059089 15650644 14465069 16485601 17458447 22619805 24461493 24812585 27133684 32503662 36960163 43604625 43133224 52064835 103380467 125477470 136085790
4859948 6407026 7529461
4880971 3787714 4839563 8315019 22619805 52064835
4890684 6836089 7820814 7837813 9224422 10748894 17224427 17427086 23956663 32354336
4901974
4919457 11781115
4957240 5597714
5012793 2589698 5512943 12534002
5039606
5058381 7267602
5065559 2355840 7518571 10785780 11495545 25662804 39798313 158019198
5075002
5111903
5128103
5134835 4102944 15270280
5149448
5198198
5214458 12620090
5232651 100291599
5265243
5269877
5327623
5359092 70772563
5390017
5445957
5461169
5491515
5510971
5512943 3147024 3702637 3307220 2626961 2589698 6182659 5012793 8639578 12534002 11773779 19147027 22619805 30348419 32294845 40443511 54877481 91715763 136085790 185521588
5524097 5214458 12620090 12639231
5527178
5554989 7267602
5597236
5597714 4957240
5627407 10216853 244507091
5655581
5656035 2450165 8394514 10091549
5670334
5674415 6836089 6797796 7781149 39647029 136085790
5684366 3307220 7529461
5707999
5713542 6836089 7421911 11268387 11336379 11421984 12774618 13806746 14456480 19063930 20341915 20049869 30084306 38971489 76357657 181224577
5714281 6257716
5753279 7820814 8025905 9033021 18181164 19528101 49631953
5757362 6836089 7267602
5759121 10388660 54244993
5768529 7421911 30084306
5809668
5822223 4839563 7627903 7415177
5830020 7808506
5836000
5874715 4284882 6159124 6563147 7310542 8025905 9306291
5875193
5892059
5958655 2626961 13826727 171643453
5976656 2626961 3799790 6836089 16060236 24461493 103144427 171643453
5977847
6005234 2634471 9378138 9603516 40458372 62539504 62218539 99394413 103652031 148876273 157407877 176703948 182628814 218707454 234834964 238764507
6030882 27854321
6040616
6059130
6087698 3702637 4288604 3307220 2589698 6905704 7143445 8140338 12534002 19198621 27996025 96136330
6094823 7428168
6104346 84363840
6113628
6116100 2588256 7428168 9628287 8648063 12157773 12202458 11586026 12982291 35106027
6136666 4747616 34786024 96136330
6159124 4794655 5874715
6182659 3702637 5512943 40443511
6189955 7267602
6224784
6243901
6257716 5714281
6258918
6259993
6284736
6289936
6297634 9296267 11696352 13942242 28378491 36960163 59071017
6349354 3174572 19210207
6371605
6380571
6380949 26457545 68010024
6405766 7710666
6405920 10357707
6407026 4622857 695059 3203992 2626961 2634471 4794655 4839563 4859948 4747616 6836089 8315019 8283889 7781149 7529461 9628287 9471686 9792990 11421984 12964016 14516151 14649903 22619805 24461493 28794215 32503662 40670156 96136330 99394413 103652031 136085790 212772060
6408249 8434737 96127835
6410751
6434362 3702637 96136330
6437076 141870190
6484382 7529461 32505357
6489702
6504579 4062284 2634471 17269767 20262353 20440206 32503662 39317291 168403368
6539089 2626961 9296267 13942242 22518394 24384469 28378491 36960163 36368926 39456787 49623831 51151356 71342641 72733913
6563147 5874715 8025905 9197950 18181164
6589311 7831825 8664739 19145957 49068850
6613033
6622545
6628094 3787714 3203992 3787999 6836089 7518571 11566842 18075895 20586159 20440206 23956663 28558793 30333832 38371707 35877611 36284304 111749989
6631157
6649841 2626961 8315019 7529461 9281262 10388660 11600050 14252238 55945146 99332071 132177903 148876273 200906897
6741596 3787714 4839563 10143064
6747475
6757539
6760540 8373162 19722656 36960163
6761428
6767832 9627468 12964016 16940876
6787131
6787794 91715763
6793507
6797796 5674415
6801095
6804870 7837813 9106000 10388660
6827014 70772563
6830560 8315019 8639578 17549828 72860193
6833835 7267602
6867364 10785780 141870190
6836089 3147024 3787714 4158494 695059 3546284 3203992 2626961 4062284 2634471 3799790 2326141 3787999 5674415 5713542 5757362 4794655 4839563 4890684 6888366 6869547 6407026 6864712 6628094 7831825 7808506 7837813 8025905 8035037 7802205 7518571 7524287 7625528 7529461 9627468 8928666 9033021 8639578 8897952 9275929 9792990 10388660 10760202 10748894 12197709 12092440 11421984 13826727 13806746 16060236 14465069 16485601 16940876 17427086 18098789 19145957 20341915 23275104 22619805 24461493 23956663 25662804 27133684 28837199 34201982 32503662 36960163 38971489 39798313 44352205 54244993 52064835 56720891 62268776 84394529 86484546 99394413 100291599 101308800 159653516 155303530 170397507 168403368 162813971 195399418 221760249
6864712 2626961 3799790 4839563 6836089 8035037 10748894 22619805 43133224 54244993 52064835 103042541
6869547 6836089 18701094 139039688
6875856 9224422 96136330
6888366 3787714 3203992 2626961 3799790 4839563 4747616 6836089 7148674 7267602 8238567 7518571 9281262 10143064 11495545 13826727 14753222 16485601 18826585 19384520 22619805 24461493 171643453
6892121
6905704 4288604 6087698
6960186 10357707
6964388 4284882
6965722 8507224 49631953
7001181
7011145 8182338
7042529
7061092 4839563
7062589 7997815 84363840
7116776
7120726 13444090
7138281 96136330
7143445 3147024 3702637 3707511 2589698 6087698 7820814 8639578 10453739 91715763 96136330 185521588
7148674 3203992 6888366 8238567 18555121 19384520 38371707
7160017 4062284 10388660 32503662 96136330 171643453
7174051 11514748
7176949
7254112 4839563 7267602 8185065 7627903
7257899 214502686
7267602 4492016 3787714 695059 2626961 4455844 5554989 5757362 5058381 6189955 4839563 6888366 6833835 7254112 8381585 7906677 8035037 7627903 7415177 8765087 8860178 9224422 10139986 10785780 10863737 10748894 11781115 12042205 16668318 17549828 19601437 20767733 21633078 22501519 52064835
7286309
7310542 5874715 8434737 96127835
7311558
7351170
7367755
7368123
7372822
7415177 5822223 7267602
7421911 5713542 5768529 30084306
7428147 164757241
7428168 6116100 6094823 9628287 18729786 34223571
7428554 4061846 1371607 4839563 7529461 9352871 10785780 12639231
7436893
7438013
7442657
7465037
7518571 3203992 3787999 2588256 5065559 6836089 6888366 6628094 8238567 8897952 14753222 18075895 20586159 20440206 31506900
7524287 4174116 4062284 6836089 9033021 15650644 17468515 25662804 36368926 45187226 65577143 86484546 204712439
7529461 4174116 2626961 4062284 2634471 3621500 4839563 5684366 4859948 6649841 6836089 6484382 6407026 8315019 7428554 9224422 9792990 10748894 15975708 16485601 19198621 23006147 22619805 23569640 24461493 27854321 28837199 31562534 32294845 32503662 36960163 39647029 52064835 68010024 64445134 99332071 148876273 168403368 166472754 212772060 209864649 208594950
7533562 44352205
7558790 13180430 16060236
7569900
7576482
7602169
7608826 1535880 37698406 88205252 171643453
7617757
7621962 17880596
7625528 6836089 11336379 16954640 96136330
7627903 3787714 4839563 5822223 7267602 7254112 8185065 8765087 10139986 11781115 19601437 125477470
7654210
7657740
7679968
7710666 6405766
7710863 96136330
7781149 5674415 6407026 136085790
7782798 62218539 171643453
7785730
7793322
7802205 6836089 8025905
7808506 5830020 6836089 12639231
7818052
7820814 3147024 2450165 2589698 4890684 5753279 7143445 8140338 9033021 8639578 17224427 20544712 84363840
7831825 2634471 6836089 6589311 96136330
7837813 2634471 4890684 6836089 6804870 8035037 10748894 16485601 17427086 23956663 28376352 32505357
7889811
7902252 17446207
7906677 7267602
7914841 7310542
7931005 2626961 6408249 7310542 7837813 8025905 8639578 8434737 10748894 18181164 19528101 28376352
7935893
7976625
7997815 7062589 96136330
8025905 2450165 5874715 5753279 6836089 6563147 7802205 9033021 9197950 12197709 18181164 19528101 20555589 27133684 30348419 54877481 84090586 96127835 88693679 185521588
8030012
8035037 4622857 3787714 695059 2626961 3969110 4839563 6836089 6864712 7267602 7837813 9627468 9792990 10960938 10748894 13826727 14649903 17427086 19198621 23006147 24461493 23956663 28376352 45187226 52064835 83238365
8037804
8107185
8107582 173956993
8117819
8140338 2450165 6087698 7820814 17224427 20544712
8182338 7011145 10391537 11043891 19158228
8185065 3787714 4839563 7254112 7627903 8765087
8187343 4061846
8199308 18122507 21437403
8203938
8204140 10151162 10216853 171643453
8205688
8218210 10586107 40768647
8228703 4839563
8238567 3203992 6888366 7148674 7518571 20586159
8283889 6407026 10388660
8301672 23121892 25662804
8305264
8315019 2626961 4880971 6649841 6830560 6407026 7529461 43133224 99332071
8373162 6760540 9296267 10388660 19722656 22518394 36960163 51394115 51151356 171643453
8381585 7267602 8765087 8860178 12042205
8394514 2450165 5656035 10091549 19198621 23410898 54877481
8411044
8412601
8417746
8430531 9296267 9958144 13191724 14160826 14741694 22518394 24384469 23984759 24715576 36960163 39798313 51394115 51151356
8434737 6408249 7310542 96127835 171643453
8446707 8636701 23509972
8466599
8491182
8507224 6965722 9792990
8513461
8556879
8562392
8580827
8599798 96136330
8636701 8446707
8639578 3799790 2589698 5512943 6836089 6830560 7143445 7820814 9033021 8897952 10388660 10760202 17224427 17427086 19147027 20544712 32505357 34846641 42798833 39456787 148930571 180066589 208594950
8648063 6116100 12157773 11586026
8658642
8664739 2634471 6589311 171316702
8686648 49285395 61062816
8699032
8699130
8700275
8737305 8878018
8749654 96136330 162960663 171643453
8765087 4839563 7267602 8185065 7627903 8860178 11781115
8770731 25293165 32503662
8802326
8860178 7267602 8381585 8765087 12042205
8865206
8876119
8878018 8737305
8892142
8897952 6836089 7518571 8639578 10760202 16068161 151186175
8928666 2634471 6836089 11421984 13806746 136085790
8945113 84394529 198701773
9030089
9033021 2634471 4794655 5753279 6836089 7820814 8025905 7524287 8639578 10586107 12068236 51881668
9051056
9081067 107776848
9106000 6804870 32505357
9138685
9138847
9145677
9194419 15614247 33608330
9197950 6563147 8025905 18181164 19528101 20555589
9224422 695059 2626961 4839563 4890684 6875856 7267602 7529461 12639231 17055796 17427086 23956663 24776558 25293165 28376352 28837199 34201982 32505357 32354336 46313162 52064835 80166872 158019198
9229499
9249883
9262450 113861533
9263796
9275929 6836089 34201982
9281262 2626961 6649841 6888366 20312019 36960163 54244993 90138353 171643453
9296267 695059 6297634 8430531 8373162 9315482 9958144 11043891 11696352 13191724 13942242 13826727 14741694 16485601 20578778 22518394 24384469 23984759 24715576 28378491 29767304 31324686 33613505 36960163 51394115 51151356 59071017 60953987 91464258
9306291 5874715 96136330
9307663
9315482 9296267 13942242 14741694 22518394 24384469 23984759 28378491 33613505 32813839 36960163 34849264 48542912 51394115 51151356 96136330 137702217
9329210
9329883 16059089
9337429
9338818 36960163
9352871 4839563 7428554 10748894 17458447 125477470
9361131 142648540
9368283
9378138 6005234 103652031 113861533 162672408
9394678
9427682
9471686 6407026
9475309 21614014
9485199
9493145
9494757
9503947
9520989
9553648 9603516
9603516 6005234 9553648 23275104 98422520 171643453
9605530 2626961 6836089 7529461 9224422 19050704 32503662 80166872 99394413 155303530 175133987
9627468 6836089 6767832 8035037 12964016 13806746 16940876 136085790
9628287 2588256 6116100 6407026 7428168 10388660 12202458 12982291
9645941 99394413 103652031
9707453
9738262 4288604 7436893
9764599 21014881 100291599
9792990 2626961 6836089 6407026 8035037 7529461 8507224 10388660 10748894 11600050 11773779 13826727 15339302 15650644 17612406 20578778 22619805 26149717 25662804 27133684 28376352 31729374 32503662 36960163 45515335 45187226 86106758 83853739 113861533 130518977 147649772 153515832 158693997 238016830
9819520 3799790 10926133 16485601 22619805 28837199 32503662 171643453 209864649
9836084 21731193 28760824
9875035
9879583
9880400 96136330
9884774
9920503
9946323
9956830 6563147 8025905 9197950 18181164 19528101
9958144 8430531 9296267 13191724 22518394 23984759 24715576 31324686 36960163
10021408
10075027
10084711
10091549 2450165 5656035 8394514
10091888 13916939
10095343
10108546
10139986 7267602 7627903 19601437
10142607
10143064 3787714 6888366 6741596 10388660 22619805 32503662 45515335 96136330 138504809
10151162 10216853
10160285 18540567
10199813 96136330
10216853 2626961 3969110 4839563 6864712 10151162 40325833 96136330 99332071 171643453
10248292
10281949 13180430
10311736
10357707 6405920 6960186
10369723
10388660 695059 2626961 4062284 2634471 5759121 6649841 6836089 6804870 7160017 8373162 8283889 9628287 8639578 9792990 10143064 11421984 13130332 13826727 13386869 14465069 16485601 16668318 19145957 22619805 23410898 24461493 24715576 26484426 30193304 30293330 30658063 31729374 36960163 36368926 40868117 49072975 59035227 52064835 95967181 103042541 101308800 138525733 168403368 173956993
10391537 8182338 23660895
10420930
10453739 2589698 7143445 20555589 96136330
10481076
10496322
10500134 30686746
10544547
10551448
10555174
10557634 51025416
10567488
10574181
10585114
10586107 8218210 9033021 12068236 13826727 17446207 25662804 28108963 40768647 149315662 165014978 185147334
10593446
10609260
10714217 10957324 21177904
10723891
10748894 695059 2626961 3787999 4839563 4890684 6836089 6864712 7267602 7837813 8035037 7529461 9352871 9792990 11421984 15351798 14465069 17427086 17671954 19198621 19419518 20200101 20368278 24461493 23956663 25662804 28376352 27724126 31729374 36368926 41255047 39647029 43133224 52064835 70552009 86484546 99332071 101387498 139039688
10752284
10760202 6836089 8639578 8897952 13826727
10780456 7267602 96136330
10784902
10784942
10785780 3787714 2626961 4839563 5065559 6867364 7267602 7428554 13826727 16059089 17549828 18773536 24461493 24812585 24540858 25662804 25215682 27133684 54244993 62218539 70772563 83238365 72459980 99394413 101387498 103380467 136085790 168403368 171643453 201292367
10814304 695059
10857159
10863737 7267602
10866578
10914577
10926133 9819520 32503662 54244993 140314828 166837660
10957324 15727197 29315034
10960938 8035037
11030311
11043891 8182338 9296267 12961625 18419898 22518394 36960163
11142570
11206987
11249432
11268387 5713542 14005400 20049869 30084306
11298110
12105296
12133981 27854321 84394529
12149976
12157773 6116100 8648063 11586026
12197709 3787714 2626961 6836089 8025905 32503662 84090586
12202458 2588256 6116100 9628287 12982291 22618106
12203781
12205680
12239646
12258658
12391076 3315072
12407369 121059483
12412100 4061846
12430028
12454931
12505516
12515981
12534002 5512943 5012793 6087698 36960163
12554956 99332071
12590234
12620090 5214458 21705907 39647029 39798313 158019198
12639231 3787999 7808506 7428554 9224422 13221547 17468515 21621803 36368926 96136330 86484546
12662584
12681242 70772563
12697912 4062284 171643453
12729985
12754863
12774618 2626961 5713542 12876782 38971489 96136330 113861533
12796282
12821568
12842435
12874867
12876782 12774618
12879296 11544487 16267145 20894884 34201982 68178922 134142726 170397507 209864649
12929249 132177903
12932970 13942242 18697043 28378491 48542912 51394115 51151356 137702217 164778573
12933341 2626961
12961625 11043891 15587935 23660895 36960163
12964016 6407026 6767832 9627468 11421984 13806746 16940876
12982291 6116100 9628287 12202458
12996929
12997963
13039808 113861533
13130332 10388660 29948932
13148759
13165136
13180192 16621348 96136330
13180430 7558790 10281949
13187618
13191724 8430531 9296267 9958144 22518394 23984759 24715576 31324686 36960163
13203684
13208355
13221547 3787714 12639231
13226166 6297634
13256121
13304844
13306749
13320014
13374581
13384354
13386869 695059 4062284 10388660 16267145 39798313 52064835 70739199 163279875 173956993
13428767
13444090
13476101
13486919
13509443
13509814
13512144 138504809
13512988
13513506 3787999
13513821
13513822
13519337
13574259 96136330
13592990
13631229
13697153
13753206 16955205 51394115
13759071
13781128
13806746 5713542 4747616 6836089 9627468 8928666 11421984 12964016 17039013 16940876 26783386 27133684 27702033
13826727 3787714 695059 2626961 2634471 3799790 1142510 5958655 4839563 6836089 6888366 8035037 9296267 9792990 10388660 10586107 10785780 10760202 11767106 11421984 15339302 14465069 16267145 17549828 20341915 19745024 21705907 21014881 22619805 24461493 25215682 27133684 27854321 31562534 34201982 36960163 46320522 43545102 59022918 54877481 52064835 62268776 96136330 107092600 99332071 136085790 141870190 141640063 147918384 148876273 167293033 167147634 177413104 176494408 173956993 171643453 181224577 200906897 201292367 212772060 208594950 233182460
13883867 62218539 174291546
13887443
13890589
13911169 39798313
13916939 10091888
13919365
13941366
13942242 6297634 9315482 9296267 12932970 14741694 24384469 28378491 36960163 34849264 48542912 51394115 51151356 59071017 137702217
13950755 17612406 39798313
13951632
13994297
14005400 11268387 20312019 27854321 176720509 232853756
14012010
14055996
14079277
14128881 6087698 6905704
14155451
14160826 8430531 31324686 39798313
11308425 11535083
11336379 5713542 7625528 16954640 19063930 20341915 38971489
11349226 113861533 138504809
11354479
11421984 2634471 5713542 4747616 6836089 6407026 8928666 10388660 10748894 12964016 13826727 13806746 20200101 27702033 36284304 34846641 103042541
11457718
11462914
11493441
11495545 4062284 2634471 3799790 2355840 4839563 5065559 6888366 16485601 27854321 36960163 83238365 96136330 104733649 136085790 168929723 168403368
11514748 7174051 11600050 86106758
11535083 11308425
11544487 3799790 12879296 16267145 21686975 20894884 21014881 31562534 74242318 99332071 134142726 141870190 147918384 148876273 208594950
11566842 3203992 3787999 3969110 6628094 14753222 19384520 20440206 30020602 30333832 182628814
11586026 6116100 8648063 12157773
11600050 2626961 6649841 9792990 11514748 14649903 22619805 36368926 34846641 51394115 74242318 86484546 171643453
11641749 11758914 39456787 48542912 84250044 89945508 111505450
11643806
11672586 32503662
11677221 21014881 153515832
11683802
11696352 6297634 9296267 22518394 59071017
11702710
11707060 96136330 171643453
11715412
11715841
11724254 70772563
11730564
11758914 11641749 39456787
11767106 4158494 2626961 13826727
11773779 3307220 2626961 4062284 5512943 9792990 19050704 20578778 24384469 30348419 48542912 84223697 185521588
11781115 4919457 7267602 7627903 8765087
11829301
11854108
11873981
11885740
11917723 24812585 81662093 113861533 181169077
11943941 21437403 23350167
11947881
11960874
11966537 164757241
11996968
12035635 15400433
12040042
12042205 7267602 8381585 8860178
12047139 39456787 49623831 51394115 89945508 111505450 155303530
12056844
12065875
12068236 9033021 10586107 25662804 40768647
12086294
12092440 2398669 6836089 28794215 52064835
15712542
15717894 26790239
15723321
15727197 10957324
15738063
15741425
15810434 14236580 53430552
15831005
15838406 56189558 141640063
15842004
15878230 22618106
15917838
15925293
15948122 70772563
15950895 70772563
15963230 35306370
15975708 7529461 17549828 25644146 127824186 158019198
16048697
16059089 4839563 9329883 10785780 70772563
16060236 6836089 7558790 39647029 64445134 100321362 209864649
16063150 16405078
16066419
16068161 4747616 8897952 34029412 45187226 54330136 78204828 86484546 151186175 159653516 182628814
16073117
16074470
16094164
16109665 20200101
16115147
16133887 3147024 5512943 6087698 19147027 91715763
16222168
16252484
16266826 22859520 151413159 158019198 209864649
16267145 11544487 12879296 13826727 13386869 20686377 20894884 21014881 23006147 22619805 28376352 30014542 31562534 34201982 40293840 46320522 58356858 53178670 58877593 64445134 74242318 107092600 99332071 122709857 132177903 141870190 147918384 148876273 200906897 233182460
16292867
16304539
16319228
16335632
16373247
16377409 198505645
16395909
16405078 16063150 28213732 45187226
16470080
16480297
16485601 3787714 695059 2626961 4062284 4839563 6836089 6888366 7837813 7529461 9296267 9819520 10388660 11495545 17549828 20767733 24461493 23956663 28209964 28837199 36960163 57079768 84394529 136085790 166472754 212772060
16495728
16553295
16557032
16593209 33071803
16609681
16621348 13180192
16668318 7267602 10388660
16671775
16757566
16781155
16839325
16857041 16954640
16857344 99394413
16889190 22859520 23292092 37085816 174291546 218707454 238764507
16901796
16915010
16940876 3787714 2626961 4747616 6836089 6767832 9627468 12964016 13806746 21175722 158019198
16945117
16947352 44813320 96136330 171643453
16954640 7625528 11336379 16857041
16955205 13753206 48542912
17023409 32503662
17039013 13806746 27702033
17041142
17052464
17055796 695059 9224422 17427086
17057830
17092365 3787714
17096633 21614014 45281801 58356858 68178922
17149919 3147024 96136330
17151456 96136330
17154483 5713542 17427086 20341915 30084306 38971489 80166872 104733649
17154598
17191461
17212650
17224427 4890684 8140338 7820814 8639578 20544712
17225834 82520872
17263470
17269767 6504579 96136330
17304872
17309408 27087929 32503662
17361549 119433580
17377651
17381651
17394990 21418554
17427086 3787999 4890684 6836089 7837813 8035037 8639578 9224422 10748894 17055796 20341915 23956663 24776558 25293165 28376352 32505357 34846641 38971489 50010720 58676900 64445134 80166872 158019198
17446207 10586107 22859520
17458447 4839563
17468515 7524287 12639231
17480629
17524988 152062424
17549828 695059 2626961 6830560 7267602 10785780 13826727 15339302 15975708 15650644 16485601 24461493 27854321 36960163 39600624 39798313 132177903 158019198
17556567 55709556 55945146
17581107
17589239
17592036
14172585 3546284
14191746
14236580
14252238 6649841
14273212
14343102
14399345
14421110 5327623
14423544
14434616
14451406
14456480 5713542
14465069 3787714 2626961 3799790 3969110 4839563 6836089 10388660 10748894 13826727 30905883 43133224 173956993 185173307
14516151 6407026 20232532 36862499 44255063 171643453
14543085 26790239
14580534
14601283 92325168
14633297
14649903 2626961 6407026 8035037 11600050 31729374
14667268
14695633
14735924 97117095
14741694 8430531 9315482 9296267 13942242 22518394 24384469 28378491 36960163 51394115 51151356
14745956
14753222 3203992 6888366 7518571 11566842 20440206 28558793 38371707
14753607
14789651
14800941
14835301
15016744 21705907
15087809 27702033
15159515
15183056
15231848
15270280 5134835
15311795
15339302 9792990 13826727 17549828 30014542 31562534 96136330 141870190
15351798 10748894 29938889 70552009
15386262
15390595
15400433 12035635
15403123
15438435
15454876
15463508
15540037
15542839
15587935 12961625
15614247 9194419
15650644 2312829 3969110 4839563 7524287 9792990 17549828 26457545 28213732 45187226 147649772
17612406 9792990 13950755 18773536 30905883 136085790 151413159 153290662
17616981
17621141
17671954 10748894 25662804
17700037
17722662 30348419
17740016 43181670
17747332 36667888
17748587
17751980 23956663
17772296 39647029
17816095
17856727
17880596 7621962
17906675
17916140 9329210
17923891
17953456
17957185
17962549
17966394
18008767
18024869
18029318
18050942
18075895 6628094 7518571 20586159 30333832 35877611 36824607 36284304
18098789 6836089
18103500
18112686
18122507 8199308 21437403
18154524
18166769 24618207
18181164 5753279 6563147 8025905 9197950 19528101 20555589
18210159
18232795
18281410
18282825
18293668
18317400
18323035
18374427
18374646
18378811
18389887
18405010
18414137
18419898 11043891 23984759 36960163
18448567 81397808
18461514
18532570 23554438 36960163
19481385
19504954
19528101 5753279 8025905 9197950 18181164
19530863
19546004
19549040
19564023
19575824
19597029
19601437 7267602 7627903 10139986
19634751 96136330 171643453
19634940 3185794 70772563
19637271
19643839 58676900
19666362
19701723
19722656 6760540 8373162 32813839 36960163 51394115 171643453
19745024 3787714 695059 13826727
19760244 146209592
19768990
19861829
19866518
19895430
19949369
19963158
19963239
20049869 5713542 11268387 30084306
20052422
20064553
20100465 31586288 140281236
20141943
20153929
20189512 4003613 2634471 3787999 5510971 6005234 5065559 6888366 11495545 11566842 14601283 16485601 19549040 26457545 26790239 37085816 45187226 62539504 84394529 96136330 86484546 101387498 149315662 176703948 182628814 185147334 212772060 208856171 207318517
20200101 10748894 11421984 16109665 210535250
20207159 63176749 66690996
20232532 14516151 37254649 137702217
20232981 20673876
20262353 6504579 96136330
20268795
20272419
20275841 116076436
20308783
20312019 9281262 14005400 84394529
20312282 20341915 34786024 181224577
20341915 2634471 5713542 6836089 11336379 13826727 17427086 19063930 20312282 39091151 38971489
20368278 10748894 29938889 32503662
20378314
20386297
20415212
20422177 96136330 171643453
21336205
21351254 210770280
21353959 20640272
21363904
21398613
21417064
21418554 17394990
21437403 8199308 11943941 18122507
21446114 153666950
21487804
21526209
21547480
21608244
21614014 9475309 150825315 148876273 173956993 208594950
21621803 12639231
21633078 7267602
21646477
21686975 11544487
21700096
21705907 3799790 12620090 13826727 15016744
21721019
21731193 9836084 18555121 28760824 30253040 31506900
21734505
21742925
21792972
21845511
21845734
21847739
21864284
21869219
21894504
21923313
22011503
22025468
22032224
22065240
22077262
22080825
22099147
22117882
22118161
22120485
22126131
22135820
22146440
22152825
22159554 20665352
22164449 3787714
22178126
22202703
20428218
20440206 4062284 6628094 6504579 7518571 11566842 14753222 19384520 32354336 38371707 36284304
20447585
20457702
20482311
20483329
20500636
20520434
20544712 2450165 2589698 8140338 7820814 8639578 17224427 19147027 91715763
20578623
20555589 8025905 9197950 10453739 18181164
20578778 2626961 9296267 9792990 11773779 24384469 36960163 36368926 46978949 54877481 77256289 185521588
20586159 3787999 6628094 8238567 7518571 18555121 18075895 23956663 28760824 38371707 52155232 66690996 82763354
20613031
20640272 21353959
20649633
20665352 19363722 22159554 89522332
20673876 20232981
20686377 16267145 23006147 46320522
20706236
20714797 171643453
20766159
20767733 4492016 2626961 7267602 16485601
20771535
20781762
20797722
20867497
20884346
20894884 11544487 12879296 16267145 25401283 58877593
20899783
20929503 96136330 171643453
20934678 151186175
20935478
20940550
21000688
21011199
21014881 2626961 3799790 9764599 11677221 11544487 13826727 16267145 23006147 22257619 22619805 30737931 31562534 32503662 35582850 39647029 43181670 55945146 55776942 64445134 73610249 100291599 113861533 132177903 141640063 148876273 155201916 200906897 212275632 208594950 220422380
21016676
21037049
21069912
21110019
21175722 16940876
21177904 101308800
21179776
21217134
21218331 153273995
21235973 29196433
21256912
21319135
21326639
18540567 10160285
18555121 3203992 3787999 7148674 20586159 21731193 28760824 31506900 32894713
18555501
18566490
18592829
18627025
18681926
18683771 19050704 30636022 54877481
18686437
18697043 12932970 70552009 138504809 164778573
18700292
18701094 6869547
18708554
18709990
18729786 7428168
18773536 10785780 17612406 58752026 103042541 113861533 153290662
18774353
18818507
18826585 6888366
18857798 92325168
18867990
18882145
18886547
18894384
18899909
18926749
19012989
19042630 55759670 209864649
19050704 11773779 18683771 185521588
19063930 5713542 11336379 20341915 30084306 38971489
19086927 96136330 171643453
19145957 6836089 6589311 10388660 36368926
19147027 3147024 3702637 3307220 2589698 5512943 8639578 20544712 54877481 91715763
19158228 8182338
19198621 4288604 6087698 8394514 8035037 7529461 10748894 25662804 31729374 34103780 54244993 139039688
19210207 3174572 6349354
19248221
19296351
19314537
19316959
19318781
19339091 30658063 146209592 200906897
19363722 20665352 24229600 70772563 89522332
19382276
19384520 3203992 3787999 6888366 7148674 11566842 20440206 23956663 32354336 36284304
19397137 96136330
19401425 8025905 7802205
19406895 70772563
19407181
19419518 10748894 27724126 111991541 115441708
25766138
25821990
25867330
25871275
25875067
25889786
25929079
25936968
25938822
25947021
26081138
26082575
26105231
26149717 9792990
26163576 26310892
26166118
26244640
26258649
26260464
26274742
26295068
26310892 26163576 32715246
26312824
26368435
26396110 152900816
26417397
26420623
26423404
26425991
26428199
26457545 3799790 6380949 15650644 28213732 196056550
26469467
26481441
26482763
26484426 10388660
26496717 34029412
26514191 233713494
26518533
26560682
26573907 168287583 225707731
26579326
26587789
26601011
26614066
26620352
26632630 24870742 32894713
26649335
26674589 31671904
26689134
26709725
24472010
24498095
24525995
24540858 10785780
24545454
24562506 25188128 32503662 154772986
24618207 18166769
24628172
24636156
24644459
24659843
24715576 8430531 9296267 9958144 10388660 13191724 22518394 23984759 31324686 36960163 39798313 51394115 51151356
24737176 112774131
24776558 3787999 9224422 17427086 23956663 28376352 209864649
24776799
24812585 3969110 4839563 10785780 11917723 99394413 113861533 155450357 175795849 174291546
24870742 26632630
24984032
24985043
25025475
25043850
25063583
25070885
25167581
25188128 24562506 96136330
25192514
25194777 209864649
25215682 2634471 10785780 13826727 209864649 209107966
25293165 695059 2626961 8770731 9224422 17427086 27133684 36960163 39091151 181224577
25313839
25316029
25343452
25360814
25366270
25368956
25371201
25401283 20894884 58877593
25449976
25519550
25528451
25555487
25560632
25594703
25644146 15975708 30014542 141640063
25662804 4062284 5065559 6836089 8301672 7524287 9792990 10586107 10785780 10748894 12068236 17671954 19198621 27724126 30636022 31729374 39798313 84394529 122709857 153029596
25711774
25721873 31562534 148876273 153029596 170397507
25730074
25740592
25756669 97137196
23292092 16889190 208856171
23350167 11943941
23363671
23408286
23410898 8394514 10388660
23423957
23429802
23478223
23481474
23486050
23486703 96136330 171643453
23509972 8446707
23528311
23536818
23551794
23554438 18532570
23569640 7529461 24461493 53178670 64445134 168403368
23580926
23638661
23660895 10391537 12961625 22518394 29767304 36960163
23662576 171643453
23675359
23731826
23815370
23815528 70772563 171366268
23818081
23868575
23923475
23956663 3787714 3203992 3787999 4890684 6836089 6628094 7837813 8035037 9224422 10748894 16485601 17427086 17751980 19384520 20586159 24776558 28376352 38371707 36284304 52155232 126447461 158019198 186906284 209864649
23962253
23984759 8430531 9315482 9296267 9958144 13191724 18419898 22518394 24384469 24715576 28378491 31324686 36960163 51394115 51151356
24039091 194170149
24056258
24062974
24124442 22770801
24125171
24125368 4288604
24133140
24207401 32221508
24229600 19363722
24270499
24292524
24296475
24311787
24334251 139039688
24384469 8430531 9315482 9296267 11773779 13942242 14741694 20578778 23984759 28378491 29315034 36960163 36368926 34849264 48542912 51394115 51151356 137702217
24389227
24449669 6116100 35106027
24458757 181224577
24461493 695059 3546284 2626961 4062284 3799790 4839563 6836089 6888366 6407026 8035037 7529461 10388660 10785780 10748894 13826727 16485601 17549828 22619805 23569640 31562534 32503662 113861533 136085790 158019198 212772060
22217966
22222141
22257619 2634471 21014881 32503662 55945146 72860193 100291599 154032030
22301947
22344977
22361452
22381974
22418611
22422609
22496783
22501519 4492016 7267602 84394529
22507333
22515290
22518394 8430531 8373162 9315482 9296267 9958144 11043891 11696352 13191724 14741694 23660895 23984759 24715576 28378491 29767304 31324686 32813839 36960163 51394115 51151356 59071017 96136330 137702217
22524929
22588838
22618106 12202458 15878230
22619805 3147024 695059 3546284 2626961 4062284 3799790 3787999 2355840 2589698 4880971 4839563 5512943 6836089 6888366 6407026 6864712 7529461 9792990 9819520 10143064 10388660 11600050 13826727 16267145 21014881 24461493 28837199 30014542 31562534 34201982 32294845 32503662 36960163 46320522 45515335 43545102 43181670 54244993 54877481 81662093 83238365 96136330 99332071 136085790 138457507 141870190 141640063 147918384 148876273 186906284 212772060 209864649 208594950 236140398
22620589
22642619 96136330
22652380
22662956
22678648
22707560
22724984
22770801 24124442
22775013
22777024
22795864
22859520 16266826 16889190 17446207 27157147 113861533 209864649
22877370
22877921
22906130
22906223
22936480
23006147 2626961 8035037 7529461 16267145 20686377 21014881 30014542 31562534 46320522 99332071 147918384 148876273 174291546 171643453 200906897 208594950
23039984
23090515
23121892 8301672 27211561 74242318 141870190 141640063
23128998
23167134
23176664
23189095
23201017
23228706
23266532
23275104 6836089 9603516
23282220 96136330
23284576
23285436
30293330 10388660
30293758
30323087
30326821
30330416
30333832 6628094 11566842 18075895 36284304 50963497
30348419 1535880 3787714 5512943 8025905 11773779 17722662 54877481 84223697 158019198 185521588
30398526 31154637
30422377
30456246 96136330
30473232
30479351
30489874
30536633
30617312
30623604
30636022 18683771 25662804 153029596 158019198
30658063 10388660 19339091 36960163 146209592 158019198
30684370
30686746 10500134 68178922
30711195
30737931 21014881
30743970
30753736
30755583
30807929
30828081
30845453 29129880
30898645 34524593
30905883 2626961 14465069 17612406 100291599
31010016
31013754 70772563
31037698 29815354
31069689 146209592
31073700
31145261
31154637 30398526
31162111
31233469
31239045
31242133
31299882 39647029
31324686 9296267 9958144 13191724 14160826 22518394 23984759 24715576 36960163 39798313
31347001
31365247
31390959
31406868
31406996
31456158
31506900 7518571 18555121 21731193 28760824
29265366
29304165
29315034 10957324 24384469 185521588
29317069 96136330
29322766 34201982
29338520 96136330
29341158
29380272
29403385
29442955 131723263
29445703
29463463
29506048 96136330 171643453
29543499 86484546 138525733 140314828
29550982
29565042 6869547 210343110
29587075
29647314
29684748
29714342 111505450
29742351
29757400
29767304 9296267 22518394 23660895 36960163
29769086
29769835
29774394
29775249
29775969
29806276
29815354 31037698
29842284
29907219 225621628
29933419 28376352
29938889 10748894 15351798 20368278 70552009
29940112 171643453
29940521 83865574
29948932 13130332
30014542 15339302 16267145 23006147 22619805 25644146 27854321 31562534 39456787 43181670 58356858 141870190 148876273 186906284 200906897 208594950 232853756
30016674 102198671
30020602 11566842
30033991
30077299
30084306 5713542 5768529 7421911 11268387 19063930 20049869
30131656
30149301
30165600
30193304 10388660 171643453
30204033
30253040 21731193
30282381
26739471
26741734
26758451
26772260
26780257
26783386 13806746
26790239 15717894 14543085 40768647 84394529 83238365
26799224
26810806
26831274 97164533
26922959
26938394
26970285
26985772
26998050
27033492
27042172
27044945
27057197
27082579 59071017
27087929 17309408
27133684 2626961 4839563 6836089 8025905 9792990 10785780 13826727 13806746 25293165 31586288 84394529 136085790 173956993 171643453
27144972
27157147 22859520
27209660
27210669 37449209
27211561 23121892 119467255
27217567
27308057
27329825
27360611
27385940 96136330 171643453
27386955
27398221
27556061
27578767
27583647 11943941
27600345
27615842
27702033 11421984 13806746 15087809 17039013
27711943
27724126 10748894 19419518 25662804 70552009 111991541 115441708
27817204
27844202
27853668
27854321 3621500 6030882 7529461 12133981 11495545 13826727 14005400 17549828 30014542 31562534 84394529 136085790 186906284 208594950
27931242
27980653
27996025 6087698
27997767
28065826
28097223 96136330
28108963 10586107
28156846
28209964 16485601
28213732 15650644 16405078 26457545 37168691 45187226 178630219
28223603
28291828
28330767
28363483
28372557
28376352 2626961 3799790 3787999 7837813 8035037 9224422 9792990 10748894 16267145 17427086 23956663 24776558 29933419 80166872 86484546
28378491 6297634 9315482 9296267 12932970 13942242 14741694 22518394 24384469 23984759 33029922 32813839 36960163 34849264 51394115 51151356 137702217
28404149
28411059
28457092 96136330
28465283 2626961
28466270 96136330
28499146
28502577
28509249
28532039 134172987
28558793 6628094 14753222
28559978
28602688
28612351
28647619
28692567
28694991 148557483
28713067
28743107
28760824 3203992 9836084 18555121 20586159 21731193 31506900
28763609
28782903 30014542 31562534 180267051 173956993
28783458
28794215 3787714 6407026 12092440
28837199 2626961 6836089 7529461 9224422 9819520 16485601 22619805 52064835 186906284
28892604 52064835
28950260
28957708
28972617 74252447 136755317
29009912
29036369
29052471
29079614
29124481
29129880
29196433 21235973 66690996
29208682 96136330
29225082
32640016
32687669
32715246 26310892
32767889 149315662
32793024
32813839 9315482 19722656 22518394 28378491 51394115
32852167
32890589
32894713 18555121 26632630
32894911
32917244 3782800 138560332
32979343 139039688
33029922 28378491
33071413
33071803 16593209 86760074
33081839
33087491
33111862
33136567
33159979
33363316
33452409
33475510 52589212
33489274
33510746
33516063
33608330 9194419
33613505 9315482 9296267
33674846
33707649
33729002
33736422
33761886
33763667
33779356
33810537
33830909
33836136
33843198
33844096
33861494
33866678 41255047 70772563
33906324
33948580
34029412 16068161 26496717
34075185
34103780 19198621
34144565
34201982 3799790 6836089 9275929 9224422 12879296 13826727 16267145 22619805 29322766 31562534 32503662 42798833 58356858 83238365 86484546 99332071 141870190 141640063 147918384 148876273 170397507 200906897 208594950 236140398
34223571 7428168
37096711
37107928
37168691 28213732
37181371
37192737
37254649 20232532
37263831
37266626
37285245
37291227
37444392
37449209 27210669
37660015
37660735
37667118
37691781
37698406 7608826 88205252
37863394
38092052
38239773
38288599
38313167
38361650
38364922
38371707 6628094 7148674 14753222 20586159 20440206 23956663 36284304 66690996 111749989
38455949
38532837
38745496
38770364
38808692
38888640
38891391
38971489 5713542 6836089 11336379 12774618 17427086 19063930 20341915 34846641
38989604
39006475
39091151 3787714 20341915 25293165 181224577
39109741 12932970 18697043
39126280 57736774
39158124
39221353
39317291 6504579
39374832
39456787 8639578 11758914 12047139 11641749 30014542 31562534 39647029 48542912 49623831 51394115 64445134 72733913 89945508 111505450 155303530 171643453
39538841
39581203
39600624 17549828
39628887
39643485
39647029 3787714 5674415 7529461 10748894 12620090 16060236 17772296 21014881 31562534 31299882 32503662 39456787 43181670 64445134 81662093 92588395 99332071 119433580 139652718 148876273 161623753 205042639 216834339
39676795
31514190 96136330
31542400 79138302
31562534 2626961 3799790 7529461 11544487 13826727 15339302 16267145 21014881 23006147 22619805 24461493 25721873 27854321 30014542 32045197 34201982 32503662 39456787 39647029 46320522 43545102 43181670 59296947 68178922 64445134 83238365 89186508 107092600 99332071 127447213 135761089 135859380 127824186 132177903 141870190 140972876 141640063 142857646 154108041 147918384 148930571 148876273 158019198 170397507 166472754 173956993 173860609 186906284 200906897 194170149 210271992 208594950 236140398
31577106
31583318
31586288 3799790 20100465 27133684
31592135
31603945
31613635
31632025
31663298
31671904 26674589
31697906
31729374 9792990 10388660 10748894 14649903 19198621 25662804 32503662 49623831
31741651
31761406
31884415
31940467
31947795
31980663
31986475
32033257 96136330
32045197 31562534 74691688 107092600 158019198
32101703
32107140
32123134 2589698
32143589
32186766
32197422
32206576 64652966
32221508 24207401
32247027
32278915
32279245
32294845 2626961 2589698 5512943 7529461 22619805 54877481 96136330
32351276 96136330 171643453
32354336 3787999 4890684 9224422 19384520 20440206
32360271
32368039 96136330 171643453
32368421
32368665
32503662 3787714 3799790 4839563 6836089 6407026 6504579 7160017 7529461 8770731 9792990 9819520 10143064 10926133 12197709 11672586 17023409 17309408 20368278 21014881 22257619 22619805 24461493 24562506 31562534 31729374 34201982 36415599 39647029 45515335 43133224 54244993 55945146 61372444 86484546 103144427 125477470 136085790 141870190 141640063 159653516 158019198 173956993 171643453 185147334
32505357 2634471 6484382 7837813 8639578 9224422 9106000 17427086 92588395
32514826
32537939
32552331
32585224
32599656
32617873
32636904
34231347
34403067
34524593 30898645
34544977
34601856
34667223
34707059 171643453
34737651
34768097 96136330 171643453
34786024 6136666 20312282
34806317
34812189
34846641 3799790 8639578 11600050 11421984 17427086 36960163 38971489 81662093 100562561 142929421 158019198 162813971 237069727
34849108
34849264 9315482 13942242 24384469 28378491 51394115 51151356
34966544
35015134 40768647
35021267
35050225
35073205
35106027 6116100
35143750
35276348
35306370 15963230
35500629
35582850 21014881 55945146 56754922 208594950
35643188
35823652
35866292
35877611 3203992 6628094 18075895 36824607 36284304
35960002 96136330
36007116
36239442
36265996
36284304 3203992 3787999 6628094 11421984 18075895 19384520 20440206 23956663 30333832 38371707 35877611 36824607 52155232 103042541
36290738
36368926 695059 2626961 7524287 10388660 10748894 11600050 12639231 19145957 20578778 24384469 49623831 51394115 60658062 66745532 74242318 168403368 181224577 210343110
36395496
36415599 32503662
36525846
36570494
36658450
36667888 17747332
36795067
36824607 18075895 35877611 36284304
36848517
36862499 14516151 155303530
36960163 695059 2626961 4839563 6760540 6836089 6297634 8430531 8373162 7529461 9315482 9281262 9296267 9958144 9792990 10388660 11043891 12534002 11495545 12961625 13191724 13942242 13826727 14741694 16485601 17549828 18532570 18419898 19722656 20578778 22518394 22619805 23660895 24384469 23984759 24715576 25293165 28378491 29767304 30658063 31324686 34846641 39798313 51394115 51151356 91464258 99394413 113861533 136085790 146209592 148876273 171316702 181224577 181842979 205042639
37024527
37085816 16889190 99330474 176070371 176703948 182628814
39778400
39798313 3799790 5065559 6836089 8430531 12620090 13950755 13911169 13386869 14160826 17549828 24715576 25662804 31324686 36960163 48542912 51394115 82763354 103042541 113861533
39814966 40699578
39818922
39826168
39844277
39946181
40036505
40042808
40120244
40142740
40293840 16267145 58877593 132177903
40325833 2626961 10216853 267932322
40358339
40365567
40381237
40443511 3702637 6182659 5512943
40458372 6005234 103652031
40602490
40670156 6407026
40699578
40713666
40768647 8218210 10586107 12068236 26790239 35015134
40851604 96136330
40868117 10388660
40886756
40966314
40969530
41051735
41066087
41179023 96136330
41239334
41255047 10748894 33866678
41279827
41368513
41526647 96136330
41771387
41797739
41827149
41859821 43181670 99332071
42118829
42236353
42240501 12697912 23818081
42339272
42522169
42622208
42687255 70772563
42730556
42798833 8639578 34201982 111749989
42804598
54928232
55021444 153029596 196056550 224221469
55027966
55057742
55101548
55330498
55355322
55709556 17556567 158019198
55759670 19042630
55776328
55776942 21014881 46320522 100321362 200906897
55945146 6649841 17556567 21014881 22257619 32503662 35582850 64762938 100291599 141870190 154032030 158019198 200906897 205421595 209864649
56083221 180267051
56189558 15838406
56276799 173956993
56303657
56548474
56591479 173956993
56720891 6836089
56754922 35582850
56878655 2355840
57068001
57079768 16485601 162813971
57116949
57387784
57707866
57718153
57736774 39126280 173956993
57774591
58128793
58153687
58209504
58356858 16267145 30014542 34201982 68178922 89186508 148876273 193222611 208594950 244507091
58612230
58676900 17427086 19643839 142182642
58752026 18773536 43181670 95967181 86484546 150825315
58877593 16267145 20894884 25401283 40293840
58993535
59022918 13826727 43181670 107092600 161623753 234089582
59035227 10388660 84394529 205548320
59071017 6297634 9296267 11696352 13942242 22518394 27082579 89945508
59111938 50010720
59187586 69869005
59296947 31562534 107092600 141640063 208594950
59310054
59320270
59473133 113861533 176703948
59515115
59822516
59960782
43133224 4839563 6864712 8315019 10748894 14465069 32503662
43181670 2423555 2287192 17740016 21014881 22619805 30014542 31562534 41859821 39647029 59022918 58752026 81662093 99332071 127824186 200906897 205042639 232853756
43245970
43545102 13826727 22619805 31562534 61548914 107092600 99332071 141870190 141640063 148876273 173956993 208594950
43604625 4839563
43617885
43669340
43699452 96136330
43908994
43937790
44038374 127968209
44255063 14516151
44352205 6836089 7533562 113861533
44539292
44580295
44652940
44690327
44702492
44813320 171643453
44825882
45002883
45187226 4062284 8035037 7524287 9792990 16068161 15650644 16405078 28213732 115766065 142929421
45192285
45281801
45483117
45515335 3787714 2355840 9792990 10143064 22619805 32503662
45702128
45856091
45919726 158019198
45958701
46105690
46313162 9224422 209864649
46320522 13826727 16267145 20686377 23006147 22619805 31562534 55776942 99332071 136085790 141870190 141640063 200906897 208594950
46543161
46764375
46816914
46888963
46942100
46978949 20578778
47250283
47277137
47395232
47451497 92208357
47834171
48210488
48542912 2626961 9315482 11773779 11641749 12932970 13942242 16955205 24384469 39456787 39798313 51394115 51151356 137702217 209864649
48591810
49068850 6589311
49072975 10388660 158019198 173956993
49244731
49279629
49285395
49379942
49497751
49623831 12047139 31729374 36368926 39456787 64445134 92588395 111505450 127968209 155303530 208594950
49631953 5753279 6965722
49800522
50004893
50010720 17427086 59111938
50058551
50170234
50373486
50552522
50608000
50963497 30333832
50973749
51025416 10557634 140281236
51059448
51123772
51151356 2626961 8430531 8373162 9315482 9296267 12932970 13942242 14741694 22518394 24384469 23984759 24715576 28378491 36960163 34849264 48542912 51394115 137702217
51171224
51394115 2626961 8430531 8373162 9315482 9296267 11600050 12047139 12932970 13942242 13753206 14741694 19722656 22518394 24384469 23984759 24715576 28378491 32813839 36960163 36368926 34849264 39456787 39798313 48542912 51151356 71342641 72733913 89945508 111505450 137702217 168403368
51775747
51781346
51881668 9033021 54084415 100291599
51983158
52064835 4703479 695059 2626961 3799790 3969110 4880971 4839563 4747616 6836089 6864712 7267602 8035037 7529461 9224422 10388660 10748894 12092440 13826727 13386869 28837199 28892604 136085790 163279875 180066589 171643453
52155232 3787999 20586159 23956663 36284304
52589212 33475510
52649945
53178670 16267145 23569640
53430552
53483182
53528163
53542216
53545387
53546890
53558314
53563280
53882859
54084415 51881668
54244993 5759121 6836089 6864712 9281262 10785780 10926133 19198621 22619805 32503662 99332071 155120061 184930823
54298488
54330136 16068161 151186175
54455621
54484533
54531413
54605519
54757050
54877481 1535880 2626961 5512943 8394514 8025905 13826727 18683771 20578778 22619805 30348419 32294845 84223697 88693679 185521588
76357657 5713542
76572611 42798833
76893490
77217060
77256289 20578778
77398584 133347534
77522343 180455595
77592661
77764126
78204828 16068161
78313137
78694731
78809253 33071803
79114972
79138302
79244828
79317485
80166872 9224422 17427086 28376352
80468233
80741676
81324258
81397808 18448567
81662093 3799790 11917723 22619805 34846641 39647029 43181670 86106758 181169077
81732399
81892483
82095811
82466674
82520872 17225834
82564356
82763354 20586159 39798313
82778552
82797726
82993877
83238365 8035037 10785780 11495545 22619805 26790239 31562534 34201982 84394529 92596934 136085790 141640063 148876273 158019198 173956993
83280170
83483847
83853739 9792990 147649772 158693997
83865574 29940521
83872044
84052848
84090586 8025905 12197709
84223697 11773779 30348419 54877481 185521588
84250044 11641749 118459217
84363840 3782800 6104346 7062589 7820814 107092600 142648540 141640063 173956993 185893948 200002011 241111646
84394529 4492016 3799790 6836089 8945113 12133981 16485601 20312019 22501519 25662804 26790239 27133684 27854321 59035227 83238365 136085790 173956993 216834339
84557980
84868757
85773652
85774162
86106758 9792990 11514748 81662093 148876273
67563577
68010024 6380949 7529461
68177168
68178922 12879296 30686746 31562534 58356858 99332071 141640063 158019198 180903300 244507091
68776067
69124135
69219617
69671533 3787999
69702098
69859485
69869005 59187586
70129617 13883867 182628814
70138049 113861533
70180875
70300140
70520121
70552009 10748894 15351798 18697043 27724126 29938889
70739199 13386869
70772563 5359092 6827014 10785780 12681242 11724254 16059089 15948122 15950895 19406895 19363722 19634940 23815528 31013754 33866678 42687255 99332071
70889255
71046182
71281794
71342641 51394115 72733913
71488096
71662246
71673186
71688064
71738590
72010157 4062284
72095522
72459980 10785780
72733913 39456787 51394115 71342641
72820836
72843925
72860193 6830560 22257619
73293964
73319591
73610249 695059 21014881
74242318 11600050 11544487 16267145 23121892 36368926 203389383
74252447 28972617
74431205
74606699
74683618
74691688 32045197 141640063
75041658
75268692 2634471
75358745
75524915
76058417
76086627
59976568
60257870
60581581 96136330 171643453
60658062 36368926
60899262
60953987 9296267
61022771
61062816 132177903
61335243
61372444 32503662 165014978
61548914 43545102 173956993
62190720
62218539 6005234 7782798 10785780 13883867 62539504 92325168 140294161 164338125 176703948 174291546 238764507
62249080
62268776 6836089 13826727 171643453
62279208
62363053
62539504 6005234 62218539 99330474 132101377 182628814
62898636
62919918
63143873
63148611 151413159
63176749 20207159 66690996
63336017 113861533 134646832
63398913
63516117
64040239
64100837
64149647
64256038
64445134 2626961 7529461 16060236 16267145 17427086 21014881 23569640 31562534 39456787 39647029 49623831 92588395 99332071 146209592 158019198 170397507 173956993 209864649 208594950 236140398
64445832
64582349
64651315
64652966 32206576
64762938 55945146
64856082
64899391
65246141
65577143 7524287
65696128
65957369
66020575
66614601
66690996 20207159 20586159 29196433 38371707 63176749 157567621
66745532 36368926
67202103
67208793
67209199
67293453 31562534
86341256
86370179
86375036
86390669 9792990 13826727 31729374 32503662 34846641 43181670 84394529 168403368 198701773
86484546 3787714 2626961 6836089 7524287 10748894 11600050 12639231 16068161 28376352 29543499 34201982 32503662 58752026 100321362 153029596
86760074 33071803
87414334
87532681
87623973 184451844
87792283
88100786
88205252 7608826 37698406
88210822
88290026
88454149
88511060
88693679 8025905 54877481 107092600 208594950
88959935
89141421
89186508 3799790 31562534 58356858 99332071 132177903 147918384 148876273 194170149 208594950
89356251
89522332 19363722 20665352
89689387
89769100
89789359
89833114
89945508 12047139 11641749 39456787 51394115 59071017 111505450 155303530
89947039
90138353 9281262
90159908
90301134 173956993
90501154
90617833
90732299 3799790
90901013
90915859
91285587
91348010
91436397
91464258 9296267 36960163
91715763 3147024 3307220 2589698 5512943 7143445 19147027 20544712
91728531 35582850 52064835 64445134 92588395 107092600 200906897
91869521 96136330
92066873
92204213
92205210
92208357 47451497
92325168 14601283 18857798 62218539 113861533 135593495 176703948
92349011
92588395 32505357 39647029 49623831 64445134 208594950
92596934 83238365
93039602
93106304
93301420 141640063 179125749 181169077
93354146
93552441
93698811
94233210
94342965
94350717
94355851
94390333
94755081
94914416
95180474
95731091
95802680
95967181 10388660 58752026
96062659 234834964
96079510
96127835 4062284 2450165 6408249 7310542 8025905 8434737 210343110
96136330 4284882 3230349 6136666 6087698 6875856 6407026 6434362 7138281 7143445 7160017 7831825 7997815 7710863 7625528 9315482 8749654 9306291 9880400 10143064 10199813 10453739 10216853 12639231 11495545 11707060 12774618 13826727 13574259 15339302 17149919 17151456 17269767 19397137 19086927 19634751 20262353 20422177 20929503 23282220 22518394 22642619 22619805 23486703 25188128 28466270 28457092 27385940 29208682 29338520 29506048 30456246 32033257 32294845 32368039 32351276 35960002 34768097 41526647 41179023 40851604 43699452 60581581
96171074
96268056
96414619
96754461
96857154
97115800
97117095 14735924
97137196 2634471 25756669 130518977
97164533 26831274 119433580
97176773
97280166
97326827
97398303
97506617
97746697
98125115
98249249 216834339
98422520 9603516
98747048
98858312
99012573
99115862
99197838
99330474 37085816 62539504
99332071 2626961 3799790 6649841 8315019 7529461 10216853 10748894 11544487 13826727 16267145 23006147 22619805 31562534 34201982 41859821 39647029 46320522 43545102 43181670 54244993 70772563 68178922 64445134 89186508 107092600 127447213 132177903 141640063 148930571 148876273 158019198 170397507 166472754 174291546 200906897 194170149 205042639 208594950 216834339 236140398 232853756
99394413 6005234 6836089 6407026 9645941 10785780 16857344 24812585 36960163 176840336
99420139
99503074
99742411
99852163
100046106
100285710
100291599 2626961 4062284 2634471 5232651 6836089 9764599 21014881 22257619 30905883 51881668 55945146 182573935
100321362 16060236 55776942 86484546
100529571
100562561 34846641 111749989 142929421 180066589
100824261
100843597
100926207
101013738
101173778
101308800 6836089 10388660 21177904
101387498 10785780 10748894 113861533 137360168 176070371
101409414
101576836
101672205
102189037
102198671 30016674
103042541 6864712 10388660 11421984 18773536 36284304 39798313 113861533 163279875
103128197
103144427 2626961 32503662 141870190 168403368 200906897
103380467 4839563 10785780
103652031 6005234 6407026 9378138 9645941 40458372 99394413 176840336 209864649 229870268
103983675
104332923
104498131
104681371
104733649 11495545
104861174
105030921
105509814 99332071 161623753
105632690
106281735
106308664
106670735 3787714 3969110
107017968
107092600 13826727 16267145 32045197 31562534 43545102 59022918 59296947 84363840 88693679 99332071 127824186 141870190 141640063 147918384 148930571 148876273 170397507 186906284 200906897 205042639 208594950 232853756
107708959
107776848 9081067
107789406
108244610
108346544
108698715
109383453
110107973
110127039
110452265
110665444
111013292
111066399
111078978
111505450 12047139 11641749 29714342 39456787 49623831 51394115 89945508 155303530
111693237
111749989 6628094 38371707 42798833 100562561 142929421 209864649 238016830
111991541 19419518 27724126 115441708
112774131 24737176
112925915
113200786
113407844 113861533 158019198
113655910
113861533 3782800 9378138 9262450 9792990 11349226 11917723 12774618 18773536 21014881 22859520 24461493 24812585 36960163 39798313 44352205 59473133 63336017 70138049 92325168 101387498 103042541 113407844 121471350 142648540 148876273 155450357 157407877 158590447 176703948 174291546 209864649
113919566
114335950
114721683
115048009
115209997 3787999 8199308 8025905 9296267 10748894 21437403 39798313 168403368 173956993 221062589
115382956
115441708 19419518 27724126 111991541 139079449
115607903
115700426
115766065 45187226
115911968
116022337
116076436 20275841
116186925
116281301 116957342
116345580
116933099
116957342 116281301
117419795 148930571
117440813
117703805 127968209
117779107
118311303
118411203
118421146
118459217 84250044
119239309
119433580 3799790 17361549 39647029 97164533
119467255 27211561
120561684
120768395
120815703 176703948
121059483 12407369
121471350 113861533 218707454
121487630 132101377 141810402
121493512
122076637
122709857 16267145 25662804
123145432
123225348
123594264
123600195
123651867
124124468
124361615
124553356
124638928 2634471
124744004
124942641
124944876
125477470 2626961 7627903 9352871 32503662
125815189 135605622
126447461 23956663 173956993
126526185 43181670 127824186
126675077
126690779
126966981
127400254
127447213 31562534 99332071 148876273
127452108
127473237
127702067
127824186 15975708 31562534 43181670 107092600 194170149 208565185
127900168
127968209 49623831 44038374 117703805
128010651
128907579
128986351
129568451
130518977 9792990 97137196
130971991
131526445
131548122
131691661
131723263 29442955
131738945
132091181
132101377 62539504 121487630 182628814
132177903 6649841 12929249 16267145 17549828 21014881 31562534 40293840 61062816 89186508 99332071 139361538 141640063 148876273 153029596 160697166 232853756
132400080
132400787
132454683
132600036
132856589
133347534
133421329
134002898
138525733 10388660 29543499 135605622
138560332 32917244 234834964
138772427
138894926
138922941
138948865
139039688 6869547 10748894 19198621 24334251 32979343
139079449 115441708
139203705
139361538 132177903
139433627
139459579
139564783
139575973 205042639
139585443
139652718 39647029
139735631
139749028
139754204
139857477 195218348
140099380
140195246
140246059
140281236 20100465 51025416
140294161 62218539 207014558
140314828 10926133 29543499 138514897
140393816
140538044
140598233 169956380
140628968
140972876 31562534
141213387
141414924
141600820
141640063 3799790 13826727 15838406 21014881 23121892 22619805 25644146 31562534 34201982 32503662 46320522 43545102 59296947 68178922 84363840 83238365 74691688 93301420 107092600 99332071 132177903 141870190 147918384 148876273 159069963 167293033 186906284 200906897 203982293 194170149 205042639 208594950 208565185 234089582 236140398 244507091
141747073 20586159
141810402 121487630
141868998
141870190 2626961 6437076 6867364 11544487 13826727 15339302 16267145 23121892 22619805 30014542 31562534 34201982 32503662 46320522 43545102 55945146 107092600 103144427 141640063 142857646 148930571 148876273 158019198 173956993 193222611 208594950
141950352 255801004
142182642 58676900
142364377
142530604
142616730
142629161
142648540 9361131 84363840 113861533 158019198
142677888
142857646 31562534 141870190 170397507
142889104
142929421 34846641 45187226 100562561 111749989
150418645
150427976
150456170
150459964
150511548
150564514 236140398
150635923
150825315 21614014 58752026
151124242
151186175 8897952 16068161 20934678 54330136
151199869
151256846
151413159 16266826 17612406 63148611 158019198 173956993 209864649
151501697
151502984
151569877
151626981 36960163
151677681
151691162
151912724
151916522
151937571
152022211
152062424 17524988
152143165
152198449
152497200
152598948
152633847
152750063
152900816 26396110
152993960
153012583
153029596 25721873 25662804 30636022 55021444 86484546 132177903 173956993
153273995 21218331
153290662 18773536 17612406
153515832 2626961 9792990 11677221
153666950 21446114
153683702
153724677
153759669
153764664
153925830
154032030 22257619 55945146
154108041 31562534 138504809
154235648
154329265
154501273
154502670
154530356
134142726 11544487 12879296
134164342
134172987 28532039
134438658
134534368
134580618
134646832 63336017 136029231
134862044
134896878
135097504
135217725
135374126 162238807
135392829
135422821
135521887
135564772 173956993
135584520
135593495 92325168
135605622 125815189 138525733
135752071
135761089 31562534 173956993
135859380 31562534
135940375
135946752
135968709
135994702 695059
136029231 63336017 134646832
136085790 3546284 2626961 2634471 3799790 3787999 5674415 4839563 5512943 6407026 7781149 9627468 8928666 10785780 11495545 13826727 16485601 17612406 22619805 24461493 27133684 27854321 32503662 36960163 46320522 52064835 84394529 83238365 149315662 148876273
136582896
136666668
136712584
136748016
136755317 28972617
136868080
136936719
137360168 101387498
137439093 213451008
137476268
137581677
137691332
137702217 9315482 12932970 13942242 20232532 22518394 24384469 28378491 48542912 51394115 51151356
137745522
137770905
137850472
138023919
138072175
138457507 22619805
138504809 10143064 11349226 13512144 18697043 154108041 180066589
138511648
138514897 140314828
142998401 695059
143044640
143087345
143088727
143129320
143287784
143314820 169055115
143443428
143635136
143777046
143804062
143833911
143851999
144137209
144352508
144521272
144552611
144714288
145011161
145280249
145420354
145604413
145708680
145817745
146054336
146209592 19339091 19760244 30658063 31069689 36960163 64445134 158019198 174291546 173956993 186906284 200906897 195218348 198505645
146867643
147049181
147187289
147522845
147649772 9792990 15650644 83853739
147673059
147737565
147918384 11544487 13826727 16267145 23006147 22619805 31562534 34201982 89186508 107092600 141640063 200906897
147958799
148181724
148238569
148292020
148557483 28694991
148876273 3782800 2626961 3799790 6005234 6649841 7529461 11544487 13826727 16267145 21614014 21014881 23006147 22619805 25721873 30014542 31562534 34201982 36960163 39647029 43545102 58356858 86106758 83238365 89186508 107092600 99332071 113861533 127447213 136085790 132177903 141870190 141640063 148930571 170397507 173956993 200906897 194170149 208594950 236140398
148930571 8639578 31562534 107092600 99332071 117419795 141870190 148876273
149109875
149111930
149161671
149192684
149315662 10586107 32767889 136085790
149342513
150205081
150339589
150388870
171358182
171366268 23815528
171643453 1679346 2626961 5958655 6888366 7160017 8373162 7782798 7608826 8749654 9281262 9603516 8434737 9819520 10216853 10785780 12697912 11600050 11707060 13826727 14516151 19086927 19634751 20422177 19722656 20714797 20929503 23006147 23662576 23486703 27133684 27385940 29506048 30193304 29940112 32368039 32503662 32351276 34768097 34707059 39456787 44813320 52064835 62268776 60581581
171920782
171956455
171969691
172166875
172172911
172372312
172569694
172680389 158019198
172687810 158019198 173956993
172816827
172914843
173235194
173396318
173440382
173486115
173558351
173689358
173860609 31562534 194170149
173952303
173956993 8107582 10388660 13826727 13386869 14465069 21614014 27133684 31562534 32503662 49072975 43545102 57736774 56591479 56276799 61548914 64445134 84394529 84363840 83238365 90301134 126447461 135761089 135564772 141870190 151413159 146209592 148876273 153029596 158019198 178792008 178154082 172687810 181842979 201841497 200906897 195399418
174013019
174291546 3782800 2626961 3969110 13883867 16889190 23006147 24812585 62218539 99332071 113861533 146209592 155450357 164338125 176703948
174374563
174704174 238764507
174910200 13826727 107092600
175072551
175133987 155303530
175373823
175628215
175760379
175795849 24812585 229870268
176013851
176070371 37085816 101387498
176213455
176441084
176444960
176494408 13826727
176703948 2634471 6005234 37085816 59473133 62218539 92325168 120815703 113861533 174291546 182628814 233713494 234834964
176720509 14005400
176777120
176840336 99394413 103652031
176892074
177247830
177268915
177413104 13826727
177449870
177552043
165303856
165365522
165406437
165503525
165582300
165592180
165665885
165670860
165938630
166311546
166472754 7529461 16485601 31562534 99332071 208594950
166573021
166624592
166750593
166769581
166837660 10926133 162380838
166978336
167147634 13826727
167198515
167201411
167293033 13826727 141640063
167484018
167807579
168173850
168186594 225621628
168210118
168245720 27724126
168287583 26573907
168307663
168403368 4174116 2626961 2634471 6836089 6504579 7529461 10388660 10785780 11495545 23569640 36368926 51394115 103144427
168528608
168604113
168709275
168819300
168929723 3799790 11495545
169055115 143314820
169139541
169149955 193222611
169323275
169414091
169528315
169889285
169956380 140598233
170386766
170397507 6836089 12879296 25721873 31562534 34201982 64445134 107092600 99332071 142857646 148876273
170398500
170825634
170928699
171059601
171316702 8664739 36960163
154630554
154700165
154772986 24562506
154798997
154857306
155021029
155120061 54244993
155147898
155182571
155201916 21014881
155222185
155303530 6836089 12047139 36862499 39456787 49623831 89945508 111505450 175133987
155431715
155450357 24812585 113861533 174291546 220945367
155617145
155628042
155707365
155736200
155774939
155852832
155969978
156005046
156268998
156612428
156792387
156831311
156856721
157029586
157090747
157217530
157289308
157407877 6005234 113861533
157413284
157567621 66690996
157578976
157716164
158019198 2626961 5065559 9224422 12620090 15975708 16266826 16940876 17427086 17549828 24461493 23956663 30636022 30348419 30658063 32045197 31562534 32503662 34846641 45919726 49072975 55709556 55945146 68178922 64445134 83238365 99332071 113407844 141870190 142648540 151413159 146209592 158590447 173956993 172687810 172680389 182628814 181169077 181842979 186994558 218489010
158253516
158303365
158590447 2626961 4062284 113861533 158019198 165156276
158693997 9792990 83853739
158745183
159069963 141640063
159210149
159400580
159493258
159502227
159640135
159653516 6836089 16068161 32503662
159694602
159801952
160010269
160015652
160199158
160353446 201292367
160697166 132177903
160778970
160787095
161439033
161501622
161623753 39647029 59022918
161761868
162008699 205861716
162030255
162189740
162238807 135374126
162306902
162336850
162377813
162380838 166837660
162466859 215735726
162488967
162544936
162620341
162672408 9378138
162685520 74691688
162813971 6836089 34846641 57079768
162960663 8749654
163096698
163241887
163279875 3799790 13386869 52064835 103042541 178792008
163613568
163685875
163713133
163880060
163990644
164338125 62218539 174291546
164551839
164556507
164575906
164591895
164757241 7428147 11966537 220422380
164778573 12932970 18697043
164842899
164963774
165014978 10586107 61372444
165039336 173956993
165156276 158590447
165260589
165297171
183487387
183560184
184002590
184450872
184451844 87623973
184627253
184863332
184875381
184930823 54244993
185123706
185147334 10586107 32503662
185173307 14465069
185187451
185207087
185246160 74691688
185521588 2626961 2589698 5512943 7143445 8025905 11773779 19050704 20578778 29315034 30348419 54877481 84223697
185627851
185794574
185809935
185893948 84363840
185903301
186319715
186906284 3799790 22619805 23956663 27854321 28837199 30014542 31562534 107092600 141640063 146209592 200906897
186994558 158019198
187003916
187414947
187461466
187482586
187553854
187667953
187932918
187948459
187952985
188208235
188521269
188675416
189212195
189352978
189742250
189976758
190205152
190693248
190753662
190773863
190925465
191030377
191124281
191153645
191389211
191600528
191789270
191864718
191974695
192234162
192518752
192599914
192833217
193067232
193222611 58356858 141870190 169149955
193340915
194170149 24039091 31562534 89186508 99332071 127824186 141640063 148876273 173860609 213127743
194260220
194819688
194874797
195127940
195131968
195218348 139857477 146209592
195399418 6836089 173956993 209864649
196056550 26457545 55021444 224221469
196222552 179125749
196286129
196412656
196491558
196738050
196785539
196884689
196931353
197259394
197356045
197449554
197594752
197667079
197738979
197816814
198505645 146209592
198590454
198605947
198667925
198701773 8945113
198706829
198769463
198856662
198896414
199210667
199403947
199407461
199416269
199485143
199606596
199700563
177608219
177925869
177974820 4062284
177976491
178033935
178118534
178154082 173956993
178197085
178270735
178603745
178630219 28213732
178792008 4062284 163279875 173956993
179062226
179125749 93301420 196222552
179181755
179301780
179908266
180066589 3799790 8639578 52064835 100562561 138504809
180120300
180260467
180267051 56083221
180455595 77522343
180818515
180835262 9645941 99394413 103652031 176840336
180865869
180903300 68178922 212576567
181012683
181052776
181061891
181126027
181132395
181169077 11917723 81662093 93301420 158019198 209864649
181224577 5713542 13826727 20312282 24458757 25293165 36960163 36368926 39091151
181350936
181842979 36960163 158019198 173956993
181867176
182165981
182328401
182351839
182367799
182418677
182471037
182481422
182573935 100291599
182628814 6005234 11566842 16068161 37085816 62539504 132101377 158019198 176703948 238764507
183115968 58128793 164338125
183171121
183171317
183198315
183394446
199717975
199835537
200002011 84363840 205042639 232853756
200301739
200393027
200906347
200906897 6649841 13826727 16267145 19339091 21014881 23006147 30014542 31562534 34201982 46320522 43181670 55945146 55776942 107092600 99332071 103144427 141640063 147918384 146209592 148876273 173956993 186906284 208594950
200989922
201063814
201092282
201121362
201292367 10785780 13826727 160353446
201598111
201841497 2626961 173956993
202003106
202554331
202958966
203331448
203389383 74242318
203645842
203982293 141640063
204068783
204086600
204320278
204626421
204662350
204701999
204712439 7524287
204893461
204932943
204971904
204981052
205042639 36960163 39647029 43181670 107092600 99332071 139575973 141640063 200002011 209864649 208565185
205054234
205251102
205421595 55945146
205487959
205548320
205835059
205861716 162008699
205875219
206102326
206391444
206529847
206708793
206756880
206882895
207005963
207014558 140294161
207115788
207318517
207341078
207370536
207401184
207524349
207526567
207766989
207813846
207867735
208565185 3782800 127824186 141640063 205042639
208594950 7529461 8639578 11544487 13826727 21614014 21014881 23006147 22619805 27854321 30014542 31562534 34201982 35582850 46320522 49623831 43545102 58356858 59296947 64445134 92588395 88693679 89186508 107092600 99332071 141870190 141640063 148876273 166472754 200906897 236140398
208604386
208684647
208856171 23292092
208858309
208938100
209067069
209107966 25215682
209368928
209503279
209585118
209601796
209864649 7529461 9819520 12879296 16060236 16266826 19042630 22859520 22619805 23956663 24776558 25215682 25194777 48542912 46313162 55945146 64445134 103652031 111749989 113861533 151413159 181169077 195399418 205042639 233182460
210103080
210178594
210271992 31562534
210330004
210343110 36368926 96127835
210458349
210535250 20200101
210770280 21351254
210780224
211672658
211795676
212275632 21014881
212491638
212576567 180903300
212639992
212663203
212772060 2626961 4062284 6407026 7529461 13826727 16485601 22619805 24461493
213127743 194170149
213297310
213308346
213313893 11758914 31562534 99394413
213355638
213451008 137439093
213601830
213715712
213996824
214060152
221710751
221760249 6836089
221908038
221970709
222212521
222337773
222342748
222730131
222858340
223136590
223334319
223376303
223501986
223866189
224130498
224213539
224221469 55021444 196056550
224418728
224488294
224587495
225197036
225331604
225448406
225621628 29907219 168186594
225707731 26573907
226056817
226225344
226294532
226341879
226409675
227027539
227135498
227148653
227236546
227604488
227679258
228947673
229294991
229370546
229870268 103652031 175795849
230243789
230351105
230502458
231258905
232171050
232831627
232853756 14005400 30014542 43181670 107092600 99332071 132177903 200002011 233182460
233182460 13826727 16267145 209864649 232853756
233586521
233632619
214175485
214416488
214502686 7257899
214584714
214607187
214633584
214774172
215097450
215687662
215735726 162466859
215777532
215816304
216289793
216347213
216467682
216591964
216834339 39647029 84394529 99332071 98249249
216926697
216972309
217028635
217109822
217217742
217500456
217642441
217677680
217953412
218263103
218489010 158019198
218570048
218614496
218651665
218707454 6005234 16889190 121471350
219279886
219558671
219745721
219765441
220045639
220090935
220290798
220396175
220422380 21014881 164757241
220497119
220549976
220827094
220945367 155450357
220971910
221004961
221048356
221062589
221188082
233670885
233680336
233713494 26514191 176703948
233723447
233759810
233821229
234089582 59022918 141640063
234233638
234652680
234834964 3782800 6005234 96062659 138560332 176703948
235306969
235400172
235663830
235763166
235773259
235777051
236007259
236140398 22619805 31562534 34201982 64445134 99332071 141640063 150564514 148876273 208594950
236176923 174291546
236573723
236639896
236981911
237069727 34846641
237091350
237545481
237707105
237845099
237936026
237970775
238016830 9792990 111749989
238364018
238591964
238598864
238764507 6005234 16889190 62218539 174704174 182628814
239162362
240219400
240283052
240477298
240487588
241111646 84363840
241116735
241361826
241423534
241555450
242084292
242395232 205421595 212275632
242717129
242743796
243076947
243301944
244260233
244507091 58356858 68178922 141640063
244582577
245414086
245521287
246237571
246887183
247285056
247708320
248442588
250336102
250722737
251171252
251454543
251668775
251790166
252804185
253087785
253616728
253778480
254476414
254760636
255801004 141950352
256346585
256462519
257253188
257828252
259108069
259672789
264642462
265879130
266920823
267932322 40325833
268208577 7062589
268391531
269438091
271744749
273816849
274809245
274894760
275814324
278661359
278690671
281961372
286810211
287542603
