249322094
10548622
247204988
10955787
14682156
138980246
131641052
62135486
8764873
239126972
6490071
207722764
5245710
102929675
251299494
218599572
6630094
147479346
132591440
229797553
11398747
6403519
180618709
173277627
15165323
14973728
16048678
34200545
243608216
172705719
41086417
37135587
115193753
150500968
11016732
137808801
182080518
180192421
194972338
153248309
86264765
124689845
116617888
97671419
138396153
42282413
40582281
49866923
199528978
143892559
96573087
79378985
11238880
9037893
9191130
14499829
99025230
138234985
76545863
86782518
16695343
3171748
17409108
5661319
22193997
81075192
161909366
57238841
187789283
96490759
43602690
268725034
81876639
180050147
133073172
170232730
104626019
158482031
76715505
40445749
17519338
21072619
32700416
57904757
120637764
37300069
75665249
142751377
246494883
73699417
157304468
103097124
115692915
53636313
174850238
73732467
17694643
238464912
23128776
88285262
144025910
151264585
97919855
278764061
147744526
142721814
32420874
65696747
71057779
239451285
44465178
53021084
176009369
151885627
11231658
140047682
227038827
13679332
145594817
55769276
116105569
98731807
6058644
112913407
193189411
142314189
39844895
23661093
71808512
120698206
25807142
133065873
24243868
66843233
46648648
123953839
61179824
88686552
133027923
164384080
116103129
160808779
128561365
203491986
45375442
178202650
45209930
94072555
39030405
135566761
31711417
122686812
9922366
125438164
134243750
39613691
97869689
32457159
126900830
68729399
64337029
53098685
92506157
95570410
172377895
264978011
267042129
115523869
5589499
74981943
61654360
27385319
81725242
53039784
63885888
63390283
66644165
161924311
38500694
144405117
86646790
119298177
177076563
96139493
54623499
92580714
221824593
9344748
19593646
62170018
27621867
62004265
19857523
15078342
23101915
62662899
114907786
166151050
141920404
244760960
97698478
195357690
53919746
159717462
99476267
17623507
125678633
225529854
256440895
138556637
107295228
138848691
63310894
29768408
69966836
89088868
177389188
128863161
136148626
21834742
167189901
12599430
43538950
134272002
191307011
44257766
103945865
50324151
38870454
41742114
20052928
93327027
54665392
177799980
90572404
121303789
39768261
235403876
17321296
182727416
79149560
43636428
238696141
222697602
13810719
57312232
201490224
47649762
30489698
167123801
247042227
249972515
152174517
267490478
52465127
204935048
105431620
86221381
98467032
212750631
236571220
238812703
32291553
78891820
40104226
185339757
72815869
37133418
145215752
77715609
23286782
226394310
34719964
28792437
132975880
269810941
232555508
201481862
90056790
157524745
11931905
192418868
56188624
213787232
57167160
216791201
22896360
9517165
82020351
19269369
83408264
131988406
83553947
93284502
139214421
244146993
119344001
132973371
82652959
128672702
30894103
75307869
152004950
19369656
31226231
223541481
52366449
26850032
144702384
103098656
136705441
45490630
80977145
137238084
71310075
7159918
205681977
83581739
1948278
49794427
67283693
84347679
5824734
157103891
88657101
178365210
25483662
31060175
143560328
139700650
29901281
118152198
215701723
136787567
85313516
33906735
82502269
10133937
103042119
94655492
134640943
36046070
103317855
118358316
226275208
6215095
18637309
49093681
47857060
8501499
255221337
39318665
40190146
35183925
151449318
150232056
242129327
151985728
87105667
31964270
2657259
56153620
165243710
24091368
135085538
49607644
114947655
162727489
38504906
153807043
243429060
40801615
153803326
85388385
150741354
191368174
193129601
195330433
21602663
34078951
74021821
274784931
151370122
150959757
19410416
20071191
235400884
211192765
62892554
103096823
186528336
58620070
52467421
25060516
174488963
61254051
61286961
53506843
116424227
136348038
127978968
7749052
85956768
17011185
56205884
22565017
51065564
47660699
164224758
79784422
42765802
96627156
161183130
198002286
85326620
75509218
76356704
144911650
198731502
115048490
21635595
11866308
131756230
161829993
117990029
33634924
158558667
270120683
147567594
210076585
139260349
170315515
80731813
128253098
136516986
134942323
135993976
132660047
14595346
79899720
134327652
70744518
90948222
6375176
87840057
107553441
194807965
22243149
88054873
32672801
192896755
233451637
45148403
63281489
74358889
16427939
280545598
190753164
66538030
77742477
151985362
21812094
41371144
21451171
8591069
55581573
131533127
115470995
22122880
134480196
153276936
93135501
200411561
29564476
230777655
223138496
184166654
86685635
37905034
21020016
65815454
41766454
156402340
52363505
62243193
133808441
194913187
158261751
17377192
104537507
120030491
28335264
55279230
134895195
118159412
14102052
227320572
87001814
78828799
14205689
22829123
68027881
49039083
78811159
46560882
59307957
73904096
21298736
18518231
138522801
30008455
101670997
216983007
25188580
132793623
134331317
17260849
125851793
11892883
118833216
126807974
217066654
89750665
9258116
229162381
37737716
16815821
143233224
37211946
144452311
226995765
47100548
193117123
154694002
50258800
56846796
30728660
21715288
76012851
89632915
104441366
12802049
242301538
49880551
71624350
50140576
8588560
40373151
136273911
42952315
85375576
155915920
28674639
142718162
21800048
84702088
135578580
20032672
56552955
252366263
97724947
72157440
28682676
141065813
38945503
204770711
63089098
26155119
11577240
125262105
43588791
34276952
43462658
105677218
23008846
133195735
195553170
201697681
156338487
140222937
187946415
71162590
151226705
78738824
77610878
163101601
56396140
25801029
139956465
137072505
15020584
96647101
194099155
138105735
71357826
84746068
26068518
155130041
20747287
37749242
82016071
153672708
172201318
45707516
16204798
24850088
123765380
15088017
201094837
136665518
30161413
27075117
18703883
48824763
61969550
23112560
251053692
139716715
63633289
55912950
101054135
25026283
152627459
151152731
147122765
44044133
112600586
179113703
91967657
175760787
18391757
171594162
151643595
134787154
20398838
269560830
154208602
65088147
41258234
26298680
133813858
150774837
159965628
105332214
14120202
140378963
171567537
86105503
26692926
195234158
200916496
29745714
78324781
141373678
210623891
85648967
247168213
55386566
109142904
71322631
42460829
37350306
27418749
68841490
40595970
44614114
30227002
89677101
175267996
26676596
166071119
16657487
32550021
23416067
21727657
176246750
49475445
18062498
84623763
19318347
173398076
56502104
17901048
87225816
255234062
95242610
169726058
69239155
158246054
77809072
174977714
19101452
86903725
174896449
152400857
173776678
161725572
112904260
86667801
192902820
59103440
77082315
18330100
227713506
98272773
87194980
173053069
62945209
66139776
13236141
249228714
56199257
50536455
41602155
89532846
129106734
209167979
28889265
240273988
31327435
136742638
246106399
56930727
185640235
155645390
42293195
22572876
19359686
102826548
132258985
39298185
173931748
144793045
59355388
140595705
44412275
206378742
70105674
59054411
17591033
20465358
134212457
50578060
24717707
31969485
69104392
225453050
49379185
53371065
16056608
14720106
144116030
20727772
64529082
236808023
94833071
194767004
90530658
6518794
23217502
196035508
108182890
100950393
128123309
99943239
72577193
86771655
62203770
167025038
138389012
55260121
146829837
185542889
65493078
17421242
20636183
22076619
22749340
163516088
39835184
151229268
249860442
21271082
152887231
66640342
34801537
80959929
117741007
93025139
155556853
50770733
86831054
32358229
66102008
70168271
254899022
54438420
136721526
162594035
96136607
203060464
55261289
80420752
67090351
23262109
84164419
18810772
124968977
33185536
152920019
87063787
39818406
122480552
11531154
89656747
9480758
38476700
11718149
30738767
113483843
73730135
113535216
105290474
63507269
157380364
136373345
157332662
271189355
62184767
77727355
94716117
147206697
17033717
6831876
205325260
52960210
138356747
161872494
192325582
9174817
15916415
181338969
26970138
92094908
171224858
165145101
81385161
134469891
152117467
18408829
46303072
213773870
6934565
77458362
111034017
136723149
21006729
157475627
161663327
107749483
26306651
200043387
22358291
37591448
25696244
17775006
32911041
121366728
105783798
123092619
34799986
199761433
25888379
66712510
26046006
68683018
8799956
19338468
44279439
196749670
6259463
226936035
60426942
35594626
65158218
25891553
135031722
16022632
96255327
116550358
84232008
102506264
29051447
26419474
220884755
151838528
34317204
267577796
140598796
181582315
48337865
40365790
90804055
46723152
136124998
208358534
38482436
23393565
138539677
248763247
110414231
149076608
134517725
123865711
114995586
68136425
61278771
53723860
72237499
95190748
232585719
61871292
58193035
41388372
16210727
151264289
62014885
189751639
14696347
16373436
36567994
16826948
38369604
49595710
123158160
42720557
234944987
200673943
144259206
141978728
133955977
206795570
70321050
163687063
19889072
37484971
148022728
40900649
20534403
131280899
24748464
53822033
171397714
203081528
113182869
62787570
32772640
79876468
132983945
83316004
16365243
40898703
123374545
39877542
16893773
134237610
76661243
61857183
111624583
122463504
131985392
73350531
58726188
19343135
194278741
47607487
57592293
171745369
91128363
156034304
47298688
89099935
94921444
18324679
228023753
159182356
48238810
28289759
29249152
216371675
31292940
30604427
34779898
16095243
72423326
82746155
134941799
83953051
173871839
3477550
80682950
253317956
133392129
135750572
135966680
139080761
11972354
157798977
147298340
27275094
75455661
88131813
16536985
26831987
120661041
109728348
244416434
138602680
140898869
137188008
50896385
129187943
15983540
146191385
219283937
29666200
223287254
59245259
162413024
51128951
53625737
114173343
100413795
132987063
22469945
56345209
53078501
57126189
15409803
41813769
28449290
18595939
163640399
123114316
14444135
30550235
120758667
89809055
188001613
120225849
152471290
136235781
202153365
227661550
160681173
234074574
208459445
19859942
95725213
123737517
139972110
133313987
95111534
36447225
120892018
30239234
30631268
162334698
120640081
110365640
124256487
143071361
35423312
161727846
100215208
18175673
27550949
53074900
120423948
151734607
55319686
88646717
95754009
64473742
33501206
111937260
16621669
6410689
150301208
12086598
120071802
24339949
118788536
101609491
93283264
10531704
31113631
181462399
115677490
136756486
10310887
93622988
113549741
27706207
82900939
4913618
181424642
97042502
115813226
67114142
13782448
230655710
88585211
63203429
31403102
74949829
161872211
68719025
29150876
132306340
172450604
20163976
94358027
105873064
128954127
118338054
29891625
162915166
95682278
98518840
12884265
63925864
13067473
160704318
4250778
141399751
157442492
262503223
260095508
42653690
143933504
151515742
67600752
14274412
181321276
85909017
28359987
80729129
109039130
71877990
19868120
80463990
168479566
83904220
233210841
271895756
55128599
15783421
19490905
91655562
21043779
86812780
36272728
193133272
83957132
83770823
116427800
62344985
65137315
155067283
73400215
252310709
101069391
78552614
94888584
54397565
76832429
67136756
74392124
133307875
91092015
181541158
32979159
243517589
150101395
32786116
177895830
64274008
45909637
58694817
140316044
28524410
58403845
116745258
12887667
65733766
50947442
77844266
155492408
30131302
27699759
24281130
92009408
133073167
254044417
210560815
156820823
151279503
51037628
134673500
37920979
66931081
30546988
151624659
240685605
191723724
125770762
23271223
21849160
118532945
69441795
177019058
18158144
58195544
61365352
85076288
70137115
75283419
55186041
79219265
28423925
58981875
100452574
63760933
37626668
120739678
51351255
15526985
147036799
144349713
13417626
132499802
122026129
145742005
240226174
20297689
155257966
16018271
10953391
14050282
158620153
66731335
114525699
153850765
119266240
17050879
33503297
138618977
144169901
264674280
93961189
228649164
122449789
169359327
30103743
49504191
2398823
56673142
92865324
122369672
96650617
199264735
48053302
20392233
229970230
167446800
39380608
27620336
49914828
58573892
22373728
17812035
114893693
61709101
64071767
202846921
34896748
69095945
3878689
224427595
138238590
139877974
52385326
17321415
104520744
26114432
265796019
153367239
252655611
217187723
155314092
96295836
35679177
44398486
27820761
15989104
66857687
72691717
118811646
158883807
21300793
134422940
227553404
44194053
17226507
26700891
232141809
72548420
179444058
8187740
93480099
114322852
135532382
151177808
70316318
10426476
194888791
159328592
30475320
236882320
101453646
16415305
23929163
210094771
98766262
39335305
36866412
136823918
87522638
174763717
196980059
44228940
220199882
14190416
61032805
44621088
267504361
136095793
7577842
14525463
135509153
35907899
27892867
187900468
28988113
133543984
57655867
21191496
67735096
31655368
64171561
72902511
25226441
53268744
72023526
39626854
76579616
181192409
135240379
153070237
70418159
98923381
176956943
28516306
82371374
20573311
154097310
181939051
51295181
217962519
60377773
74387930
14674076
144074802
169985081
266467398
134775921
19730880
42314455
176788850
81459876
134800887
194355074
24048646
30198541
161528256
254676296
44422897
32678013
105955095
57912681
71631701
137742497
101651984
36473677
78334022
83366470
195693819
34179340
7452031
135714176
62348497
76673282
37183404
46302276
14667960
70334263
13711507
206826041
140106116
147551924
14264671
147123571
94068901
13173680
197304331
39595373
166812409
165148543
137800239
11780271
73846020
234344321
13805010
168701221
20095190
17660070
11894703
61544676
100560438
116184648
14750038
214134735
44838345
23550690
124247948
164578729
62077476
153985557
217997743
196349063
127059618
44968905
51264043
163316265
109383632
267963894
287203231
71125182
135524557
190050736
10082250
61880459
65540781
59187538
49568645
20793906
72244365
137194334
121926105
51643515
116150163
16783878
113967561
13635560
26920106
115051123
136401603
151751211
96739303
194189008
22515002
201520886
24480022
46072930
26693111
152990002
20791140
134944706
135333058
73053103
139841361
20287902
144275692
100033703
206030082
33693225
95532876
126284309
74037727
92694346
208910436
204393888
160434608
201981270
19893188
98808833
40553495
172389640
14566013
34792535
83238864
133056669
159946435
151142755
124063197
66715558
182187947
241705822
132967723
12215633
65593328
219499482
194839227
54327043
84901626
114675760
47217549
143160376
91685389
17240280
6702240
21670347
152298356
137067092
74089532
28497270
177678976
122525611
82411121
13446440
65673548
268677448
39279707
115806580
93826776
109566350
31841548
155544394
138653324
31244608
55305615
29331762
44257803
28607090
80462239
169009990
44075934
16249864
180688739
154142681
47923940
222964370
13868457
33537143
58610498
102821742
47135843
140132445
141455695
39781205
72657726
227169470
64838479
24139457
159019815
40273052
202459751
32586054
23852433
135622849
157054078
79489121
143069807
13221689
252400207
11631147
8011213
89843498
107316700
139827548
101031841
153658346
140157594
205068475
83660630
