6934565 20032672 11231658 50773026 17409108 18942475
8372947 11231658 36336316 29436998 17321415 17409108 18942475
8517606 36336316 25947829 29436998 24071752
9936670 29436998
11231658 20032672 13393641 29436998 8372947 17321415 24071752 6934565 120248646 17409108 18942475
12464208 188839645
13393641 11231658 19410416 37111622 17409108
17321415 11231658 29436998 8372947
17409108 20032672 11231658 13393641 29436998 23271223 8372947 6934565 19410416 18942475
18942475 20032672 11231658 29436998 23271223 8372947 6934565 50773026 17409108
19410416 28580589 13393641 29436998 37111622 17409108
20032672 11231658 29436998 23271223 6934565 17409108 18942475
23271223 20032672 29436998 17409108 18942475
24071752 11231658 25947829 8517606
25947829 29436998 24071752 8517606
28580589 29436998 19410416 37111622
29436998 188839645 20032672 11231658 28580589 36336316 25947829 9936670 47321988 23271223 8372947 17321415 19410416 8517606 93876287 37111622 17409108 18942475
31059580 37111622
36336316 29436998 8372947 8517606
37111622 28580589 13393641 29436998 31059580 50773026 19410416
40784140
47321988 29436998
50773026 199528978 6934565 37111622 18942475
93876287 29436998
120248646 11231658
129480104
188839645 29436998
199528978 50773026
243309146
6934565 20032672 11231658 50773026 17409108 18942475 20032672 11231658 50773026 18942475 17409108
8372947 11231658 36336316 29436998 17321415 17409108 18942475 11231658 29436998 17321415 36336316 18942475 17409108
8517606 36336316 25947829 29436998 24071752 25947829 29436998 24071752 36336316
9936670 29436998 29436998
11231658 20032672 13393641 29436998 8372947 17321415 24071752 6934565 120248646 17409108 18942475 20032672 13393641 29436998 8372947 17321415 24071752 6934565 120248646 18942475 17409108
12464208 188839645 188839645
13393641 11231658 19410416 37111622 17409108 11231658 19410416 37111622 17409108
17321415 11231658 29436998 8372947 11231658 29436998 8372947
17409108 20032672 11231658 13393641 29436998 23271223 8372947 6934565 19410416 18942475 20032672 11231658 13393641 29436998 23271223 8372947 6934565 19410416 18942475
18942475 20032672 11231658 29436998 23271223 8372947 6934565 50773026 17409108 20032672 11231658 29436998 23271223 8372947 6934565 50773026 17409108
19410416 28580589 13393641 29436998 37111622 17409108 28580589 13393641 29436998 37111622 17409108
20032672 11231658 29436998 23271223 6934565 17409108 18942475 11231658 29436998 23271223 6934565 18942475 17409108
23271223 20032672 29436998 17409108 18942475 20032672 29436998 18942475 17409108
24071752 11231658 25947829 8517606 11231658 25947829 8517606
25947829 29436998 24071752 8517606 29436998 24071752 8517606
28580589 29436998 19410416 37111622 29436998 19410416 37111622
29436998 188839645 20032672 11231658 28580589 36336316 25947829 9936670 47321988 23271223 8372947 17321415 19410416 8517606 93876287 37111622 17409108 18942475 188839645 20032672 11231658 25947829 28580589 9936670 47321988 23271223 8372947 17321415 19410416 8517606 93876287 37111622 36336316 18942475 17409108
31059580 37111622 37111622
36336316 29436998 8372947 8517606 29436998 8372947 8517606
37111622 28580589 13393641 29436998 31059580 50773026 19410416 28580589 13393641 29436998 31059580 50773026 19410416
40784140
47321988 29436998 29436998
50773026 199528978 6934565 37111622 18942475 199528978 6934565 37111622 18942475
93876287 29436998 29436998
120248646 11231658 11231658
129480104
188839645 29436998 29436998
199528978 50773026 50773026
243309146
