2581118
3638880
4156688
5169047
5463557
6754715
6800158
7340558
7457162
9331252 169951069
9423986
10228855
10494524
10562454
11787310
11867408
12861500
13080039
13103827
13338835
13553007
14168506
14206676
14506058 284240894
15325568
15627418
15674376
16025758
16728865
16859367
17119160
18124417
18286439 98083750 138521480 216063870 261516987 268843266 270175667 278765028 279968852
18843901
19025166
19257008
19305904
19561842 143071079 154106573 222672792 244895088 272632087 274452671 284240894 284427064
19721564
19723532
20065287
20899208
21024786 98083750 154106573 160763383 191031472 255469908
21640192
21745146
22679935
24387761
25111474
25114053
25674663
25728661
26421676
28728067
29309562
29327045 98083750 284240894 284427064
30592048
30740038
33508955
34931335
35555790
35824056
35872245
36291668
36388879
36669603 98083750 143071079 177034214 284240894
37702569
38316393 98083750 143071079 284240894
38464774
43699013 98083750 147044014 143071079 154106573 177034214 191031472 216063870 244895088 260946127 278505382 272632087 284240894 284901937
47087728
48806282
49389462
50175167 104505155 284143543
50514299
51333202
53235101
53356894
54461329
55131143
55350880
56148927
57180822
57338409
57482052 98083750 143071079 177034214 251538758 284240894 284427064
58744177 272632087 284240894
59434088
61199270
61391875
63090539
63152508
63500058
63936348
63985240
64537754
64655651 251538758
65631871
67311264
68013489
68630952
68878326 222672792 284240894
69717064
70913322 222672792 284240894
72948975
73402142
73487337 75217989 254570682
74944739
75217989 73487337 254570682
76092986 98083750 143071079 272632087 284240894 284427064
76718987 98083750 143071079 284240894
77017444 284041681
80765945 98083750 284240894
81650850
82027294
84277814 222672792 255469908 284240894
85789746
87415461
88324075
90545273
91972905
92315771 93813640 285241661
93813640 92315771 284756901
94235355
94391327 143071079 177034214 284427064
94573312
95599056 98083750 284240894
95870752
96634793
98083750 29327045 18286439 36669603 76718987 76092986 43699013 95599056 80765945 57482052 116103129 145495335 134029519 124822532 132351771 132229017 143071079 137216720 138879415 138521480 154082962 154754397 164787295 159852245 161608042 169343277 168049052 165876266 190826149 181265400 187317216 177034214 184312158 190341187 211084479 207339203 210085506 210068117 198901339 219076266 217060853 212176626 215561655 212379812 215859734 221071948 223657393 224301913 222798349 237234774 230599414 242938075 231565194 243200414 242167829 230499255 249682290 255469908 254276908 244091363 254944872 246903905 246981465 262343709 260361699 261516987 261533872 268667624 269899470 268843266 270870954 267542826 264759970 266322603 267050385 264053021 267530665 278830990 278765028 276401919 276160133 276949864 278505382 276239999 277859647 276221987 277995487 272632087 274452671 271491897 281872743 282698082 281772783 282777886 279806103 279511709 279968852 281299695 281743525 280986329 284101149 284023208 283850463 284028659 284537367 284240894 284562295 284574295 284256161 284427064 282801222 282922140 283011294 283198294 284966578 284785959 285634591 285271348
99173773
99263663
100320492
101942594
102500536
103475155
104049745
104505155 50175167 129594122 175136793 221620043 253136692 251066429 276239999 280368977
105424991
107700356
107744464
109300980
109572383
109619432
112397685
112502101
112633950
116103129 98083750 284240894
116183349 244895088
118755645
122791488
123776929 143071079 244895088 284240894
124399263
124630237
124822532 98083750 147044014 177034214
124882632
124939175
125078718
127035935
129594122 104505155
132229017 98083750 147044014 181265400 177034214 222672792 255469908 284240894
132351771 98083750 154082962 255469908 274452671
133204163
134029519 98083750 255469908 272632087 284240894 282861783
134330732
134435025
134447255
134461534
135230545
135285838 143071079 177034214 244895088 272632087 284240894
135731871
135822035
136146094
136276860
136290461
136321973
136616003
136619966
136690390
136843191
136869633
136914144
136930146
137216720 98083750 143071079
137605679
138072451
138205197
138447233
138521480 18286439 98083750 244895088
138879415 98083750 284240894
139061886 143071079
139679473
139973915
140050875 98083750 177034214 244895088
140505226
141010350
141752774
142353999
142436471
142632980
142818654
143071079 36669603 76718987 76092986 43699013 94391327 57482052 98083750 123776929 137216720 139061886 169343277 175119742 187565454 190341187 207339203 200324956 198901339 219076266 217060853 215561655 212379812 215859734 221071948 224301913 222663544 223978972 231949913 242300712 254276908 244091363 244895088 259381276 268699988 270175667 267542826 264053021 267530665 276024312 278830990 278765028 276160133 276637941 275997428 276949864 277995487 272632087 282133389 281772783 279809521 279968852 281139358 284101149 284028659 284240894 284574295 284427064 282922140 282861783 283082603 283418007 283423080 283124772 284966578 284788576
184546468
184822819
185111387 98083750 197061123
185364004 98083750 143071079 154106573 279809521 284427064
185532106
186756917
187317216 98083750 197061123 272632087 284240894 284427064 284966578 284901937
187565454 143071079 255469908 278505382 272632087 284240894
188370309
188557685
188572354
188953212
188957368
189386740
189615843
189721440 284240894 282922140
190272925
190341187 98083750 143071079 197061123 244895088 259381276 272632087
190776600
190826149 98083750 284240894
191031472 43699013 154106573
191108149
191277792
191428612
191742774 98083750
191900717
192147644
192170557
192255174
192510351
192741452 177034214
192984705 98083750 284427064
193199388
193224888
194862928
194885813
195460981
195523647
196001464
196045315
196107143
196227797
196666386
196910742
197055580
197061123 187317216 190341187 222663544 261516987 270870954 276160133 282578968 279511709 281152285 281743525 284537367 283198294 283423080
197171399
197229237
197920324
197955045
157785588
158265759
158433889
158886119
158948775
159169714 98083750
159752254 98083750 147044014 222672792 284240894
159852245 98083750 272632087 284240894 284427064
159903162
160339034
160366066 284240894
160763383
160831846 284143543
160907964
160925391
161316974
161608042 98083750 154106573 284240894
162733346
162778200
162843005
163228503
164327578
164787295 98083750 169951069
165045412
165177958
165431728
165472543
165876266 98083750 284240894
165949299
166534599
166835978
167224821
167238219 98083750 284240894
167567207
167714882
167917471
167924954
168049052 98083750 147044014 255469908 284240894
168245946
168341624
168536143
169063649
169077022
169343277 98083750 143071079 255469908 284240894
169353051
169938605
169951069 164787295
170064231
170187802
171771397 98083750
143620436
143939163
144146123
144152477
144672633
144835358
145495335 98083750
145783603
145822888
146002344
146123982
146228325 98083750 143071079 154106573 284427064
147044014 43699013 124822532 132229017 168049052 184312158 219076266 235420226 270175667 267530665 278830990 278765028 277859647 282133389 281772783 282777886 281743525 282801222
147660178
147894678
148057012 284143543 284920256
149197898
149531967
150172579
150267702
150427086
150491609
150529751
150567876
150710344
150753100
150843916
151006530
151663235
151718701
151724321 284240894
151847399
152446613
152664385
152783473
153047446
153499295
153579115
154082962 98083750 132351771
154106573 43699013 161608042 191031472 212176626 212379812 221071948 242167829 255469908 246903905 278765028 277367955 272792382 271491897 282133389 282777886 282801222 282922140 283260572 283198294 283423080
154754397 98083750
154931156
155778521
156214163
156479767
156656185
156839416
156994294
157566343 216063870 272632087 284240894
157784938
172367190 98083750
172435609
172577717
172646654
172659655
172949190
173204933
173627569
173635131
173773251 284240894
174203612 98083750 177034214 284240894
174211316
174331751
174409287
174554301
175097236
175119742 143071079 251538758 284240894
175136793 104505155 280368977 284041681
175338388
175488463 177034214 251538758 284240894
175605502
175777917
176196604
176727309
176854459
177034214 36669603 43699013 94391327 57482052 98083750 124822532 132229017 175488463 192741452 200324956 217060853 223657393 242167829 230499255 255469908 260946127 261516987 270175667 270870954 264053021 267530665 278830990 277895950 275997428 278926572 277859647 272389685 282698082 282133389 281754365 282578968 279511709 281743525 284023208 282801222 282922140 283198294 283423080
177596702
177754794
178370550
178452097
178649783 284427064
179857906 154106573 244895088 272632087 284240894
180036559 98083750
180142188
180291668
180884588
181240586 98083750
181265400 98083750 132229017 284240894
181405053
181457691
181646371
181687706
181761588
181792922
182129694
182189632
182939228
183247294 147044014 284427064
184224902
184312158 98083750 147044014 222672792 284240894 284427064
231664450 284240894
231719345
231835705
231949913 143071079
232164668
232574675 18286439 98083750 147044014 177034214 216063870 284240894
232889073
233490980
233498725
234026404
234343715
234471579
234514046
234574632
234994135 284240894
235045033
235420226 147044014
235565948
236091946
236257782
236313385
236332353 284427064
236942312
237168217
237234774 98083750 284240894
237396619
238135341
238591147 143071079 284240894
238685009
238729028
238839196
238864765 284240894
239110619
239265592 274452671
239561896
239696086
239791383
240263850 98083750 143071079 251538758 284240894 284427064
240270212 284427064
240702191
242029498
242167829 98083750 154106573 177034214 284240894 284427064
242300712 143071079 216063870
242749157
242808276
242922585
242938075 98083750
243200414 98083750 272632087
243322307 98083750 154106573 177034214 191031472 255469908 269899470 274452671 284240894
243938437
198007620 284143543 284920256
198732496
198886929
198901339 98083750 143071079 284240894 284427064
199156900
199284204 147044014
199398839
199492759
200068997
200324956 143071079 177034214 255469908
200360546
201407731 98083750 177034214 197061123 216063870 255469908 284240894 284901937
201818386
202184721
202423163
202507353
203057817
203598734
204739426
204938340
205247303
205358066
205481476
205672802
205926628
205927646
206560764
206624362
207267950
207339203 98083750 143071079 244895088
207755095
208332597
208680721 98083750 143071079 154106573 177034214 284427064
208820095
209011950
209063726
209145356 98083750
209873962
210068117 98083750 267050385 284901937
210085506 98083750 251538758
210365348 98083750 284240894
210391807
210396941
210516242
210729836
211084479 98083750 222672792 284240894
211113779
211275625
211433066 98083750 143071079 154106573 177034214 272632087 284240894
211601643
211831450
212176626 98083750 154106573
212280770
212317187 143071079 154106573 177034214 251538758 284240894 284427064
212379812 98083750 143071079 154106573 284240894 284427064 284966578
212753032 264953249
213261393
213309515
213516707
213738752
214376083
214417553
214469159
214865698
214904800 98083750 147044014 284240894
215060598
215180175
215284709
215310265
215446213
215472435
215510957
215561655 98083750 143071079 284240894
215767008
215859734 98083750 143071079 284240894 285634591
215875700
216063870 18286439 43699013 242300712 264053021 267530665 278830990 273452613 282133389 279968852 284240894 283423080
216329081
216890359
216950014
217060853 98083750 143071079 177034214
217207365
217228138 98083750 272632087
217594614 98083750 284240894
217627209 98083750
217908230
218098526
218153694
218294891
218382931
218440548
218617449
218880548 98083750 222672792
219076266 98083750 147044014 143071079 222672792 284240894
219163796
219572876 98083750 284240894
219885353
220696405
220758894 284920256
221048678
221071948 98083750 143071079 154106573 284240894 285634591
221620043 104505155 280368977 284041681 284143543 284920256
221650307
221777937
222104906
222427456
222663544 143071079 197061123
222672792 84277814 68878326 132229017 184312158 211084479 219076266 268667624 268843266 270175667 267530665 278765028 282698082 279212991 279968852
222718338
222798349 98083750 244895088
222852305
223160229 143071079
223657393 98083750 177034214 244895088 284240894 284427064
223978972 143071079 251538758 259381276
223994725
224217786
224301913 98083750 143071079 284240894
224371287 104505155
224477963
224714639
225096031
225261453
225838231
225841632
225843435
226101921
226234192
226254462
226542180
226776969
227837894
227950674
228044742
228201917
228689880
229039514
229582891
229761003
229825639
230442881
230499255 98083750 177034214
230599414 98083750 284240894
230613348
230761662 177034214 278926572 284240894
230769610
231116596
231257718
231565194 98083750 259381276
231581886
231602312
243956927
244091363 98083750 143071079 284240894
244186972
244537058
244652529
244895088 43699013 116183349 123776929 143071079 138521480 190341187 207339203 223657393 222798349 249601621 268447974 267542826 267530665 276024312 276401919 275997428 278926572 272792382 282698082 282133389 279806103 279809521 281152285 281139358 281743525 284101149 284240894 284562295 284574295 284427064 282861783 283418007 283423080 283124772
245109564
245343921
245483273
245486245 98083750 143071079 255469908
245663719 98083750 143071079 255469908 284240894
245919252
245948208
246903905 98083750 154106573 251538758 284240894
246981465 98083750 272632087 284240894
247082827 154106573 197061123
247324460
247567502
247575266
247873714
247900661
247943123
248058751
248108550
248196911
248311880 284240894
248863567 98083750 244895088 284427064
248947063
249004062
249202588 98083750 143071079 251538758 284240894
249258229
249445433
249478040 57482052 98083750 255469908 274452671
249601621 244895088
249682290 98083750
249754305 98083750 284240894
250344827
250542177
250827525 143071079 154106573 251538758 284240894
251001744
251066429 104505155 284582414
251108084
251224408 143071079 244895088 284240894
251270873
251538758 57482052 175488463 175119742 210085506 223978972 254276908 246903905 259381276 268699988 278830990 276160133 275997428 276949864 278926572 277859647 272632087 281772783 279809521 281152285 284427064 282922140 283082603 285634591
251665831
251831844 98083750
251996666 98083750 143071079 272632087
252803674
253136692 104505155
253166394 222672792
253574877
253677501 98083750 143071079
253726099 284427064
253857799
254251398
254276908 98083750 143071079 251538758 284240894
254395531
254570682 73487337 75217989
254589645
254944872 98083750 272632087 284240894 284427064
255075789
255447392 98083750 147044014 143071079 177034214 216063870 222672792 251538758 255469908 244895088 284240894 284427064
255469908 84277814 98083750 134029519 132351771 132229017 154106573 169343277 168049052 177034214 187565454 200324956 260946127 261516987 284240894 284427064
255546213
255681330
255809515 98083750 143071079 251538758 284240894
255878885 143071079
256139175
256289921
256408237
256810036
256831416
257119742
257245149
257614657
257851806
258461020 154106573 197061123 284427064
258753447
258797472
259322601
259381276 143071079 190341187 223978972 231565194 251538758 264053021 278830990 272389685 282133389 282777886 284101149 282801222 282922140
259411360
259415881
260124978
260189146
260348594
260361699 98083750
260383826
260944799 143071079 177034214 251538758 244895088 284240894 284427064
260946127 43699013 177034214 255469908 284240894
261495590
261516987 18286439 98083750 177034214 197061123 255469908 284240894
261533872 98083750
262190647 284240894
262230387 284143543 284920256
262343709 98083750 271491897
262682441
262735337
263037379
263614739
263993627
264053021 98083750 143071079 177034214 216063870 259381276 284240894
264133168
264388239
264759970 98083750 272632087 284240894
264921554
264953249 212753032
265065600
265095293 284240894
265218820
265432032
265546449
265611117
265679975
266322603 98083750
266866995
267050385 98083750 210068117
267101183
267392575
267504305
267530665 98083750 147044014 143071079 177034214 216063870 222672792 244895088 284240894 284427064
267542826 98083750 143071079 244895088 284240894 284427064
267579097
267842661
267874695
268164832
268229643
268431112 3638880 134461534 257614657
268447974 244895088 284240894 284427064 284901937
268462553
268667624 98083750 222672792 284240894
268699988 143071079 251538758
268843266 18286439 98083750 222672792 284427064
269127618
269326746
269368618
269418761
269711988 98083750 284427064
269832100
269899470 98083750 284240894
270175667 18286439 147044014 143071079 177034214 222672792 274452671
270207299
270240204
270859156 284143543
270870954 98083750 177034214 197061123 284427064
270936594
271153119 143071079 284240894
271196409
271199779 104505155 148057012 138521480 175136793 221620043 280368977 284041681
271269240 98083750 272632087 284427064
271397534
271491897 98083750 154106573 262343709 284427064
271780300
272270692 177034214 251538758
272389685 177034214 259381276 283860779
272557340 98083750 143071079 216063870 222672792 251538758 244895088 272632087 284240894
272632087 76092986 43699013 58744177 98083750 134029519 143071079 159852245 187317216 187565454 190341187 243200414 251538758 254944872 246981465 264759970 278830990 275997428 277995487 282133389 282578968 281139358 280986329 284101149 284028659 284240894 284427064 282922140 283278863 283198294
272792382 154106573 244895088
272929883
273046584
273059462 104505155 148057012 175136793 278691140 280368977 284041681 284143543 284920256
273125242 284143543
273452613 216063870
273671245
274106159
274118551
274452671 98083750 132351771 270175667 284240894
274752596
274929548
275042369 104505155 284143543
275158138
275221320
275276903
275288751
275365565
275482017
275497122
275521221
275538548
275593662 98083750 143071079 251538758 275997428 284240894
275682280 147044014
275866701
275895312 98083750 177034214 284240894
275962610
275997428 143071079 177034214 251538758 244895088 272632087 284240894 284427064
276024312 143071079 244895088
276160133 98083750 143071079 197061123 251538758 284427064
276221987 98083750 284240894
276239999 98083750 104505155
276321029
276401919 98083750 244895088 284240894 284427064
276445050
276637941 143071079
276649310 143071079 284240894
276686943
276700906
276949864 98083750 143071079 251538758
277096253
277096646 147044014
277141336 98083750 143071079 272632087 284240894 284427064
277155520
277367955 154106573 284427064
277375727
277452676
277745845
277859647 98083750 147044014 177034214 251538758
277895950 177034214
277984345 98083750 143071079 244895088 272632087 284427064
277995487 98083750 143071079 272632087 284240894
278034155
278076982
278090124 272632087
278127188
278215873
278225869 284143543
278278126
278505382 43699013 98083750 187565454
278593205
278691140 284143543 284920256
278693980
278765028 18286439 98083750 147044014 143071079 154106573 222672792 284240894
278830990 98083750 147044014 143071079 177034214 216063870 251538758 259381276 272632087 284240894 284427064
278926572 177034214 251538758 244895088
278942819
279025634
279063384 104505155
279078093
279145770 284240894
279152497
279212991 222672792
279364771 98083750 143071079 177034214 251538758 244895088 284240894 284427064
279399617
279401534
279419983
279511709 98083750 177034214 197061123 284427064
279557627
279670889
279715594 18286439 147044014
279791690
279797610
279806103 98083750 244895088
279809521 143071079 251538758 244895088
279968852 18286439 98083750 143071079 216063870 222672792
279998498 98083750 177034214 251538758 284240894
280040600 143071079 251538758
280042371 284240894
280368977 104505155 175136793 221620043 284041681 284143543
280417529 143071079 244895088 284240894
280417539 143071079
280453137 147044014 177034214 284427064
280458799 244895088 284240894
280525285
280534205
280585759
280616675
280702106
280757820
280901895
280971274
280986329 98083750 272632087 284240894 284427064
281133044
281139358 143071079 244895088 272632087 284240894
281152285 197061123 251538758 244895088
281227343 143071079 197061123 244895088 272632087
281299695 98083750
281322085
281337497
281372702
281483293
281537510
281559570
281662453
281742788 98083750 132229017
281743525 98083750 147044014 177034214 197061123 244895088
281754365 177034214
281772783 98083750 147044014 143071079 251538758 284240894 284427064
281781953 143071079 284240894
281872743 98083750 284240894
281897438
281909441 98083750
281913712
281914095
281958297 98083750 143071079 272632087 284240894
282113793
282133389 147044014 143071079 154106573 177034214 216063870 244895088 259381276 272632087 284240894
282241630 154106573
282404444
282494854 98083750
282503596
282566032 98083750 244895088 272632087 284240894
282578968 177034214 197061123 272632087 284240894
282600441
282630202
282637469
282640337
282657890
282698082 98083750 177034214 222672792 244895088
282750546 284143543 284920256
282777886 98083750 147044014 154106573 259381276 284240894 284427064
284240894 29327045 36669603 76718987 76092986 43699013 95599056 84277814 80765945 68878326 57482052 58744177 98083750 116103129 123776929 134029519 132229017 143071079 138879415 151724321 159852245 160366066 161608042 169343277 168049052 165876266 190826149 173773251 175488463 181265400 175119742 187317216 187565454 184312158 211084479 198901339 216063870 219076266 215561655 212379812 215859734 221071948 223657393 224301913 234994135 231664450 237234774 230599414 242167829 238864765 248311880 255469908 254276908 244091363 254944872 244895088 246903905 246981465 260946127 261516987 268447974 268667624 269899470 267542826 264759970 264053021 267530665 278830990 278765028 276401919 275997428 276221987 277995487 272632087 274452671 281872743 282133389 281772783 282777886 282578968 280042371 279145770 281139358 280986329 284101149 284023208 283850463 283860779 284028659 284537367 284562295 284256161 282801222 282922140 282861783 283260572 283198294 283418007 284966578 284646850 285569073
284247608 284143543 284920256
284256161 98083750 284240894
284312069
284323203
284328255
284340233
284367694
284386778
284411709
284416002
284419520
284427064 29327045 76092986 94391327 57482052 98083750 143071079 159852245 178649783 187317216 184312158 198901339 212379812 223657393 236332353 242167829 251538758 255469908 254944872 244895088 268447974 268843266 270870954 267542826 267530665 278830990 276401919 276160133 275997428 277367955 272632087 271491897 281772783 282777886 279511709 280986329 283850463 283860779 284028659 284574295 283260572 283423080 284646850
284430824
284502286
284510072
284530338
284531807
284537367 98083750 197061123 284240894
284557297
284562295 98083750 244895088 284240894
284574295 98083750 143071079 244895088 284427064
284582414 251066429 284143543
284615758 98083750
284625015
284646611 98083750 177034214 275997428
284646850 284240894 284427064
284722552
284754870
284756901 93813640
284777926
284780302
284785959 98083750
284788576 143071079 284901937
284873016
284877240 284427064
284886764
284893543
284901937 43699013 187317216 210068117 268447974 284788576
284920256 148057012 220758894 221620043 278691140 284143543
284946222 98083750
284966578 98083750 143071079 187317216 212379812 284240894 282801222 283198294
284993362
284997443 98083750 222672792 284240894
285052793 98083750 143071079 251538758 284240894
285147542 124822532 132229017 161608042 236332353 261533872 268699988 278765028 282133389 282578968 279511709 282922140 283423080
285219144 143071079 284240894
285241661 92315771
285252778
285260174 143071079 251538758 270870954 272632087
282801222 98083750 147044014 154106573 177034214 259381276 284240894 284966578
282813071
282861783 134029519 143071079 244895088 284240894
282882821
282922140 98083750 143071079 154106573 177034214 251538758 259381276 272632087 284240894
282938782
282946431
283011294 98083750
283035973 98083750 143071079 177034214 272632087 284240894
283082603 143071079 251538758
283124772 143071079 244895088
283198294 98083750 154106573 177034214 197061123 272632087 284240894 284966578
283260572 154106573 284240894 284427064
283278863 272632087
283359637 98083750 284240894
283376398 98083750 143071079 154106573 177034214 251538758 284240894
283384534
283418007 143071079 244895088 284240894
283423080 143071079 154106573 177034214 197061123 216063870 244895088 284427064
283614525 98083750 177034214
283653213 98083750 284240894
283722563
283727270 98083750 284240894
283785877
283801650
283823969 98083750 143071079 177034214 244895088 272632087 284240894 284427064
283829657
283840432
283850463 98083750 284240894 284427064
283860779 272389685 284240894 284427064
283870322
283876172
283933777
283961578
284023208 98083750 177034214 284240894
284028659 98083750 143071079 272632087 284240894 284427064
284041681 175136793 221620043 280368977 284143543
284061740
284084221
284100885 143071079 154106573 251538758 284427064
284101149 98083750 143071079 244895088 259381276 272632087 284240894
284104677
284143543 50175167 148057012 160831846 221620043 278691140 280368977 284041681 284582414 284920256
284172149
284178347
284192600 98083750 143071079 251538758 244895088 284240894 284427064
284203067
284207875
284214824
284215860 242749157
285271348 98083750
285284105 98083750 284240894
285392380
285461553
285484786
285499209
285516841 143071079 272632087 284427064
285556235 98083750 175488463 175119742 224301913 222663544 231664450 226234192 260189146 264053021 275997428 277859647 282578968 281139358 280986329 284240894 282801222 285569073
285566197 98083750
285569073 284240894
285609997 98083750 138521480 272792382 272389685 279511709
285614819 98083750
285634591 98083750 215859734 221071948 251538758
285648168
285651690 98083750 272632087 284240894
285684104 98083750 284240894
285692254
285725543
285731216
286019224
286643768
286688952
