19330556
19616867
19807248
19865747 26931289
20061412
20507238
20531797
20546451
20673585
20814885
21209626
21264935
21497000
22181342
22302123
22539092
23594853
24036607
24097257
25118068
25499580
25711216
26196697
26307860
26743283
26811691 142642176
26931289
26948231
27136175
27263043 109727876 79498388 133763630 133329292 133144890 142642176 142151399 172993580 170963200
27449033
27508469
27825724
27840781
28682763 8638596
28689000
29021584
29181067
30419581 13651151 138767293 136023929 135854769 133329292 142642176 140293953 148948506 197594708 239226555
30857985
31036964
31630794
31989569 145256078 155142701 159659527
32061567
32554912
33036109
33626148 137436237
33770791
33806201 72541446
34390354
81718
101437
333840
472508
602366
642556
659354
800626
1046052
1503746
1557194
1557232
1565573
1995696
2019802
2117724
2173154
2455862
2584034
2662858
2836667
2918726
2935162 642556
2988337
3157722 260390980
3217981
3315731
3615466
3888473
3942913
4591650
4657351
4657520
4926069 176896044
5036876
5094398
5369451
5603231 196431785
5977957 270119711
6249558
6670873
7085133
7302113
7333445
7564057
7569716
7931815
7989024
8150462
8356287
8405703
8463859
8504009
8506569
8638596 28682763
8968024
9329893
9347979
9386607
9564002
10246799
10364176
10678019
10692822
10813715
11140719
11395470
11679356
11742728
12017704
12112569 78044883 128092493 155142701 160181789 158419851 161965765 159659527 159576423 162566726
12204290
12489263
12689765 133329292 118490347 142642176 143433742 148948506
13064924
13118708
13189425
13250627 142642176 170963200
13651151 30419581 79498388 135854769 133329292 142642176 147443000 170963200
13777519
14061760
14138367
14269272
14306401
14410726
14518052
14676669
14744046
15129880
15710792 151533365
16487640
16646108
16653740
17832053
18046313
18159268
18218518
18737249
19211259
19271316
34612874 98623543
34926124
35214545
35268760
35322611
35579059
35600653
35870382
36589729 253534084
36738649 62125125
37391004
38182004
38375674
38385648
38620873
38804799
39866031
40120891
40437258
42407407
43208330
44011080
44274593 108454711 142642176 143317588 161664806
44911708
45001272
46306915
46971739
47623637
48413401
48751519
49021875
49246011
50566231
50991055
51098723
51411435
51471519
52037787
52133353
53189176
53305326
54325175
54955172 155142701 161965765
56681804
56829668
57294245
58124822
59450398
60439171
60972296
83560771
83593937
83694124
85674013
86063371
86299906
86615777
86877295 158031082
87106684
87774125
88344326
88583622
89221973
93398884
93978779
95080282
95130335
95545350 186418471
97026617
97294674
97599355
98623543 34612874
98730508
99243775
99712167 121715025
100048989 142642176
100113867 190122763
100435486
100472502
100915746
101641934
102070912
102280040
103100715
103475824
104323121
106360007
107415753 145256078 155142701 161965765 159576423 164964967
107924635
108077480
108454711 44274593 142642176 172951329 170963200
109297789
109727876 27263043 142642176 181635725
109860530
110616694 36589729
110676687
110720200
114274926
114684551 125102530 193948947
114796097
61029723
61684626
62125125 36738649
62457522 142642176 170963200
63186272
63697114
63815828
64842872
65209949
66041435
66105801
66230078
66286569
66321915
66414514
66819068
68531744 142642176
69141820
69801529
70047639
70461105
70477155
71049853
71488182
71662568
71720019
72258660
72541446 33806201 142346177 144587211 162329947 174176859 203445041 204772723 223040830 206575265 246039982 283531000 268788936
74333204
75164909
76335819
76374381
76459068
76739325 142642176 156619287
76910038
77231980
77610800 138393493
77666038 139271567 132104731 142642176 140061700 155016055 144157961 155597644 161505777 162592298 172993580 170963200 177411394
77728712 119887909
77787705
78044883 12112569 155142701 158419851 161965765 162566726
78821210 153361815
79498388 13651151 27263043 133763630 133329292 142642176
80419917
80642523
81254507 155365243
81771246 142642176 170963200
82225930
82538862
83515317
116169747
116586431 133103937 142642176 152255547 170963200
117398610
117941802
117989661
118490347 12689765
118742061
119796854
119887909 77728712
120719779
121660166
121715025 99712167 132528492 142642176 155016055 155597644 155820434 172993580 170963200 239226555
121890258
122167243
122246923
123427573
124313931 142642176 143317588
125102530 114684551 193948947
125490740 142642176
126788998
128092493 12112569 145256078 164964967
128290843 142642176
128330782
129566174
129639673 142642176 140376550
130751305 178946678
130761277 142642176 170963200
130799275 142642176
131621463 142642176
131881648 142642176 170963200
131974128
132002451
132034964 142642176
132104731 77666038 135854769 139271567 133329292 140061700 155016055 147462109 172993580
132305139 214377131
132370668 139828075
132528492 121715025 155597644
132580869
132610459
133103937 116586431 142642176 146570343 170963200
133125013 142642176 165757860
133135883
133144890 27263043 142642176
133214255 142642176
133329292 12689765 13651151 27263043 30419581 79498388 135854769 133763630 132104731 142642176 140293953 148948506 163884844 170963200
133335513 142642176 170963200
133613075 158998994 158419851
133717087
133763630 27263043 79498388 133329292 142642176 142151399 172993580 170963200
133938949 134755011 142642176 153017516
134105865 156940589
134257800
134301308 142642176
134674230 142642176
134705194
134755011 133938949 141270004
134772481
135193518
135438128
135763696
135854769 13651151 30419581 133329292 132104731 142642176 148948506 172993580
136023929 30419581 142642176 140293953 172993580 170963200
136869633
136954268 142642176
137436237 33626148
137560363
137636740 143317588 159249127 162691077 172951329 172993580 170963200 188720095 214377131
137763297 249414587
138009317 142642176 170963200
138393493 77610800
138634542 142642176 140376550 170963200
138767293 30419581 142642176 139929836 172993580 166803388 239226555
139200007
139271567 77666038 132104731 140061700 155016055 155597644 178557711 181635725
139533541
139592852 142642176 140061700 161623002 168071588
139623075
139804782
139828075 132370668
139929836 138767293 142642176
140061700 77666038 139271567 132104731 139592852 155016055 155597644 161623002 168071588
140204598
140293953 30419581 136023929 133329292 142642176 172993580
140328534
140376550 138634542 129639673
140425123
140776373
141270004 134755011 142642176 144097400 156619287 183487670
141967224
142151399 27263043 133763630 142642176 172993580 170963200
142342559 142642176 144097400 170963200
142346177 72541446
142360911
142380469 142642176 158085090
142642176 12689765 13250627 13651151 27263043 30419581 26811691 62457522 68531744 44274593 108454711 109727876 100048989 81771246 76739325 77666038 79498388 138767293 134301308 136023929 138634542 135854769 138009317 136954268 134674230 130761277 131621463 132034964 133125013 131881648 133103937 133214255 130799275 133763630 133329292 133938949 133335513 133144890 116586431 124313931 128290843 125490740 121715025 129639673 141270004 139929836 140293953 142380469 142342559 139592852 142151399 147443000 147023395 146570343 147308339 144157961 155597644 149430314 147005259 155773978 148948506 152255547 156940895 157092291 158085090 155820434 157429579 158863071 161978309 156619287 159413482 161664806 161623002 159974993 162785884 162691077 164590867 162592298 162365413 164958752 163884844 172951329 172993580 170963200 174744102 177411394 174873347 166803388 165176413 180718869 182492597 182435264 183368954 183487670 181157880 183695225 185212059 188784069 187931451 185220580 190012907 188720095 190122763 239226555
142655561
142945789
143030658 143317588 161664806
143198600
143256478
143317588 44274593 137636740 124313931 143030658 161664806 180718869
143433742 12689765
143698489
143699557
144097400 141270004 142342559
144118659
144157961 77666038 142642176 172993580
144569598
144587211 72541446
144598147
144950140
145256078 31989569 107415753 128092493 155142701 158419851 161965765 162566726 178946678
145918369
146057383
146339951
146570343 133103937 142642176 152255547 170963200
147005259 142642176
147023395 142642176 170963200
147035755 153361815
147187797
147308339 142642176 170963200
147356763
147443000 13651151 142642176
147462109 132104731 172993580 181620858
147479045
147809886
148099354
148365128
148948506 12689765 30419581 135854769 133329292 142642176
149430314 142642176
150338248
151326168
151533365 15710792
152255547 116586431 142642176 146570343 170963200
152940265
153017516 133938949
153256348
153300916
153361815 78821210 147035755
153472377
154633082
155016055 77666038 139271567 132104731 121715025 140061700 155597644
155104238
155142701 12112569 31989569 54955172 107415753 78044883 145256078 160181789 160506917 158419851 161965765 159659527 162566726 164964967
155365243 81254507 170963200
155575885 214377131
155597644 77666038 139271567 132528492 121715025 142642176 140061700 155016055 156940589 177411394 166267318
155674266
155773978 142642176
155777476
155799658 168429399
155806345
155820434 121715025 142642176 158439145 170963200
156619287 76739325 141270004 142642176 172951329 170963200
156656402
156940589 134105865 155597644
156940895 142642176
157092291 142642176
157094202
157420016 142642176 170963200
157429579 142642176
157594235
158031082 86877295
158085090 142642176 142380469 161664806 164590867 170963200
158251541
158254871 158863071 164590867
158419851 12112569 78044883 133613075 145256078 155142701 158998994 160181789 161965765 159659527 162566726
158421946 197594708
158439145 155820434 184721966
158805925
158860060
158863071 142642176 158254871
158998994 133613075 158419851
159034219 142642176
159146291
159249127 137636740 190122763 214377131
159413482 142642176
159576423 12112569 107415753
159609200
159659527 12112569 31989569 155142701 158419851
159707335
159784259 142642176
159974993 142642176
160004963
160181789 12112569 155142701 158419851 161965765 162566726
160362678
160506917 155142701
160722329
160738929
161006905 166355386 217717442
161248908 12112569 2662858 107415753 78044883 128092493 145256078 155142701 160181789 158419851 161965765 162566726 164964967
161505777 77666038
161623002 142642176 140061700 139592852 170963200
161664806 44274593 143030658 142642176 143317588 158085090 172951329 170963200 182492597
161866490
161965765 12112569 54955172 107415753 78044883 145256078 155142701 160181789 158419851 162566726
161978309 142642176
162244764 142642176
162311686 155142701
162329947 72541446
162365413 142642176
162551089
162566726 12112569 78044883 145256078 155142701 160181789 158419851 161965765
162575635
162592298 77666038 142642176
162691077 137636740 142642176 214377131 239226555
162699944 12112569 145256078 155142701 161965765
162785884 142642176
162884773
163081194
163288889 163352893
163309292 163352893
163352893 163288889
163884844 133329292 142642176
163984402
164009550
164178429
164472644
164504740
164525181 142642176 170963200
164544566
164590867 142642176 158254871 158085090
164853814
164958752 142642176
164964967 107415753 128092493 155142701
165049596
165176413 142642176
165290492 142642176 170963200
165727140
165749575
165757860 133125013
165849640
166267318 155597644 174744102
166355386 161006905 217717442
166803388 138767293 142642176 172993580
166874771
166906202
167581260
167798713
168071588 140061700 139592852
168155435 207611583
168328450
168429399 155799658
168510150
168772931
168924669
169231679
169316358
169930455
170544389
170963200 13250627 13651151 27263043 62457522 108454711 81771246 77666038 137636740 136023929 138634542 138009317 130761277 131881648 133103937 133763630 133329292 133335513 116586431 121715025 142642176 142342559 142151399 147023395 146570343 147308339 155365243 152255547 158085090 155820434 156619287 161664806 161623002 172951329 172993580 174744102 174873347 182435264 183368954 179009802 183487670 181157880
172276457
172951329 108454711 137636740 142642176 156619287 161664806 170963200 180718869
172993580 27263043 77666038 138767293 137636740 136023929 135854769 133763630 132104731 121715025 142642176 140293953 142151399 147462109 144157961 170963200 176711544 166803388
173698095
174176859 72541446 277187269
174186066
174446256 116586431
174742219
174744102 142642176 170963200 166267318 214377131
174847737
174873347 142642176 170963200
175216414
175332764
175373404
175788654 77666038
176581879
176711544 172993580
176896044 4926069
177411394 77666038 142642176 155597644
178055498
178332962
178417444
178557711 139271567
178606753
178645352
178946678 130751305 145256078
179009802 170963200
179254064
179272506
179289902
179452926
179831541
179938269
180718869 142642176 143317588 172951329
180861871 142642176 155365243
181157880 142642176 158439145 170963200
181620858 147462109
181635725 109727876 139271567
182411514
182435264 142642176 170963200
182492597 142642176 161664806
182682033
182817694
182904351 170963200
182968170
183368954 142642176 170963200 187931451 190122763
183406063
183487670 141270004 142642176 170963200
183679930
196548446
196990083
197104540
197594708 30419581 158421946
197789603
198251538
198292704
198334758
198526214
198554206
199097239
200214158
200298464
200465297
200612630
201273659 257151815 280179351
201338079
202504422
202952275
203445041 72541446
203691991
203898887
204018086
204542687
204772723 72541446
206260690
206575265 72541446
207577980
207611583 168155435
208278064
208496109
208844724
209818601
209923577
210553242
210693103
211327703
211455530
211811134
211961285
212367005
212492744
212524401
213703060 233917632
213728777
213822484
213831111
214061208
214140701
214234613 237958668
214377131 137636740 132305139 155575885 159249127 162691077 174744102
214392137
214738346
214833646
215050264
216999395
217717442 161006905 166355386
217922913
218035546
218561187
218895255
219305727
220192271
220428983
220972475
221170484
222466494
223024072
223040830 72541446 231600765
225172143 268788936
225765000
226894612
227593715
228323171
228413543
228943383
229256920
229528484
229541236
230321177
230441319
230485288
231035626
231335985
231600765 223040830
231813497
232078759
232407825
232532439
232891985
233423022
233917632 213703060
234566636
234652552
234718666
234838260
235219845
235368827 241913055
235643489
235663830 72541446
183695225 142642176
184502497
184721966 158439145
184972145 196431785
185154144
185212059 142642176
185220580 142642176
185455306
185482727
185740636
185900825
186035618
186199176
186418471 95545350
186577356
186816531
186912842
187636635
187855387
187931451 142642176 183368954 188149677 190122763
188149677 187931451
188407649
188638510
188720095 137636740 142642176
188784069 142642176
189077044
189466396
189693162
189915665
190012907 142642176
190122763 100113867 142642176 159249127 183368954 187931451
190185705
190372126
190622096
191332876
192123474
192819267
192943900
192961838
193016996
193162904
193600550
193625021
193948947 114684551
194104462
194200823
194622617
194887851
195030386
196431785 5603231 184972145
235896296
236267934
236522889
237018087
237079048
237427649
237958668 214234613
237963750
237967504
238373657
238780921 176896044
239109390
239226555 30419581 138767293 121715025 142642176 162691077
239270059
239385934
239831888
240348484
240539897
241913055 235368827
242632148 87106684
243399675
243809306
244165852
244248380 258127608
244366680
244905034
245461215
246039982 72541446
246246816
246622999
246865649
246963733
247345679
247770924
247943512
248048311
248151878
248542259
249414587 137763297
249495735
251751552
252065443
252156510
252890761
252898912
253494650
253534084 36589729
254026953
254092584
254462585
279269188
279840214
280002473
280179351 201273659 257151815
280283489
283531000 72541446
284073548
285617802
255142367
256254111
256931185
257151815 201273659 280179351
258127608 244248380
258213433
258430316
259373459
260234232
260390980 3157722
260916653
261237994
261456961
261607888 235896296
261639312
262105019
262226733
262624299
262937710
263238832
263634698
263693419
263826119
264150270
264351320
264514948
265162247
265320447
266132092
266193725
266321537
267827527
268198815
268325934
268567618
268788936 72541446 225172143
268917289
269071163
270119711 5977957
270357172
272935945
273810158
275774585
275929730
276644071
276875426
277187269 174176859
278060653 219305727
278211521
278257547
