129001783 64534133
133181079
134759362
141883749
143098685
143582396
152603428 64534133
154176920
157237176
162221386 64534133
162884773
163505228
164760977 64534133
166192802 8757093
168221370
168986809
170638787
175353215
183343014
198459371
200090257
200706057
202107418
207577980
213285695
216315562
219439184
219867617
223340428
227304178
236818701
237967504
239385934
239831888
253574707
255625949
275716583
61946 64534133
1467159
1956933 2380522
1972989 64534133
2133077
2380522 1956933
3073847
3224120
3296726
4825721
6791218
6807681
7344849
7357135
7509486
8757093
10542408
11077800
12411677
14196717
15110784 64534133
16567929 64534133
18112650
20271609
21869869
22046158
22416718
22578207
25585505
32155715 64534133
35535243
37364078
37383686
37517304
40026584
41225546
44911708
53886445
57413704 64534133
64534133 16567929 129001783 164760977 74404137 1972989 57413704 61946 32155715 152603428 75195985
74404137 64534133
75195985 64534133
77231980
77904087
82116792
88316012
94089237
103454131
105380733
122419405
