416819 45394153
2745121
8391106
8874779
9493350
10445149
10510299 34084958 46112968 144442644 207068050 222533489 222530937 242745928
10522747
10593831 207068050 220659510 258198758 271554790
12993512 30581050 54796891
13727185 31830490 32956919 32604255 26432125 32627124 26712422 34769591 30581050 59518535 63334735 62821780 54391494 54796891 74441089 71737196 70881976 70869890 105828700 79238310 123781027 125592330 151950984 148710686
14836737 31830490 32604255 26432125 25226517 32627124 26712422 20586124 59295250 60515155 58861869 71885815 70881976 70869890 70021392 103245824 107243455 105828700 105960876 92739537 86499111 129466336 132357579 123781027 125592330 151950984
15909162 26432125 32627124 26712422 42522372 24179635 29472591 20586124 59713486 63334735 60515155 58861869 52974308 70881976 70869890 70021392 103245824 97265808 107243455 122059536 89599519 87620445 135227607 135843222 125592330 151950984 220846539
16155354 45394153
16460970
17936477
19895646 46112968 57653413 207068050
20586124 42522372 24179635 29472591 15909162 14836737 59713486 60515155 58861869 57303920 87620445 140234251 125592330 151950984
20753059 46112968 215203439
20919133
21355612 26712422 59295250 60515155 70869890 132357579
22419785
22600773
23291172 65674854 58861869
24081175 45394153 26712422 34894340 63088942 82231425 159538089
24179635 26712422 42522372 29472591 15909162 20586124 60515155 58861869 57303920 87620445 132357579 151950984
24471807 25535016 36815766 26712422 42110065 44467630 59479344 65861407 49264582 72790217 101130671 97829254 113199496 115526475 112265499 114301306 113126161 135004239 132968796 137247839 170137043 166927532 193787839 192908786 187860412
25226517 26432125 32627124 26712422 14836737 59713486 58861869 52974308 71885815 70881976 70869890 105960876 79238310 86499111 129466336 123781027 125592330 147503729 148710686 220846539
25535016 24471807 26712422 49264582 101130671 97829254 112265499 137474078 132968796
26416482 65861407 58478367 109051949 113126161 200754844 233044483
27723673 26432125 32627124 26712422 63334735 58861869 70881976 220846539
28341924 212566946 262589366 258198758
26432125 31830490 25226517 32627124 26712422 27723673 15909162 14836737 13727185 59518535 59295250 62821780 60515155 63088942 54796891 58861869 52974308 71885815 71737196 70881976 70869890 103245824 107243455 105960876 92739537 79238310 86499111 132357579 124491564 135843222 123781027 125592330 151950984 148710686 220846539
26712422 45394153 31830490 24471807 26432125 25226517 32627124 33630647 33628751 32605694 25535016 36815766 42522372 24179635 32211765 44469508 34769591 42110065 27723673 44467630 29472591 15909162 14836737 21355612 24081175 13727185 63610384 59479344 59295250 65674854 65861407 63334735 69042210 60515155 63088942 60274192 55096535 54391494 58720999 53637073 58861869 52974308 58478367 49264582 55101407 51091947 57147063 74441089 72790217 72548945 69351937 71885815 71619004 73880393 70881976 70869890 74820042 74137912 70021392 107442722 99886292 95594069 101130671 97829254 105828700 105960876 122133044 115526475 120084007 109051949 112265499 121104832 123096870 120215391 114301306 122059536 113126161 92297323 92739537 79238310 86499111 89599519 87620445 141949354 139896656 141240660 139696559 139789656 141995208 129466336 137474078 137079474 132475743 132357579 128150901 132247063 134974122 124491564 123412949 132069521 133006767 135227607 135045818 135004239 133682453 135843222 132968796 135965085 123781027 125592330 137247839 160625302 159359383 159538089 151950984 156494732 155698123 153354627 154393796 148697655 147503729 148264116 162990108 170137043 167602183 169981549 166927532 168619199 175778053 200754844 202544694 193787839 196367164 192908786 187860412 208408154 203976708 207068050 220846539 218896208 217383103 220747308 231188982 233739050 233044483 234083176 228856495 222338230 247317799 237757940 269190146
28508034 58861869 50245133
28716677
29472591 26712422 42522372 24179635 15909162 20586124 58861869 87620445
30581050 32956919 34769591 12993512 13727185 63334735 60515155 54391494 54796891 58861869 74441089 70869890 105828700 92739537 79238310 125592330 147503729
31688916 45833511 59295250 60515155 54796891 58861869 72083340 92739537 140234251 132357579 123781027 125196903 147503729
31830490 45394153 32604255 26432125 33630647 26712422 34769591 14836737 13727185 59518535 59295250 62821780 60515155 55096535 54391494 53637073 58861869 74441089 71737196 72083340 70881976 70869890 105960876 92297323 92739537 79238310 140234251 129466336 132357579 151950984 147503729 148710686 208408154
32211765 26712422 34894340 63088942 107442722
32604255 31830490 33630647 34769591 14836737 13727185 59518535 62821780 54391494 54796891 58861869 74441089 71737196 70881976 105828700 79238310 123781027 125592330 151950984 148710686
32605694 26712422 59518535 54796891 74441089 70881976 70869890 79238310 151950984 220846539
32627124 26432125 25226517 26712422 34769591 27723673 15909162 14836737 13727185 59295250 63334735 60515155 58861869 52974308 71885815 70881976 70869890 70021392 103245824 97265808 105960876 122059536 92739537 86499111 129466336 135227607 135843222 125592330 151950984 220846539
32956919 34769591 30581050 13727185 54796891 58861869 74441089 105960876 79238310
33305234
33609832 207068050
33628751 26712422
33630647 31830490 32604255 26712422 34769591 59518535 54391494 74441089 71737196 70881976 92297323 79238310 86499111 123781027 151950984
33698655 74820042
59295250 31830490 26432125 32627124 45833511 36815766 26712422 31688916 14836737 21355612 59518535 63334735 60515155 54796891 53637073 55332282 58861869 74441089 71885815 72083340 70881976 70869890 70021392 101603065 105828700 105960876 92297323 92739537 79238310 86499111 140234251 141995208 129466336 132357579 123781027 125592330 125196903 160625302 159538089 151950984 147503729 148710686 247317799 237757940
59479344 24471807 36815766 26712422 42110065 44467630 63610384 65861407 58478367 49264582 51091947 72790217 72548945 69351937 97829254 122133044 115526475 109051949 112265499 121104832 114301306 120894882 113126161 139896656 139789656 137474078 134974122 123412949 132069521 135045818 132695550 133682453 132968796 135965085 137247839 159359383 170137043 167602183 169981549 168619199 200754844 202544694 196367164 187860412 203976708 233044483 234083176 228856495 269190146
59518535 31830490 32604255 26432125 33630647 32605694 34769591 13727185 59295250 63334735 62821780 60515155 54391494 54796891 58861869 74441089 71737196 70881976 70869890 92739537 79238310 140234251 135227607 123781027 125592330 151950984 147503729 148710686 220846539
59713486 25226517 15909162 20586124 55096535 54796891 58861869 111062617 135227607 135843222 125592330 148697655
60274192 36815766 26712422 97829254 137247839
60515155 45394153 31830490 26432125 32627124 45833511 36815766 26712422 24179635 34894340 31688916 30581050 15909162 14836737 20586124 21355612 59518535 59295250 63334735 62821780 63088942 54796891 53637073 55332282 58861869 74441089 71885815 72083340 70881976 70869890 97265808 95594069 105828700 105960876 122059536 82231425 92297323 92739537 79238310 86499111 140234251 141995208 129466336 132357579 135227607 135843222 123781027 125592330 125196903 160625302 159538089 151950984 150242018 147503729 148710686 220846539 237757940
60571280 154206394 207068050
62821780 31830490 32604255 26432125 34769591 13727185 59518535 60515155 54796891 58861869 71737196 92297323 92739537 79238310 125592330 151950984 148710686
63088942 45394153 26432125 26712422 34894340 32211765 24081175 60515155 120215391 82231425 141240660 124491564 159538089
63334735 32627124 36815766 26712422 34769591 30581050 27723673 15909162 13727185 59518535 59295250 60515155 54796891 58861869 52974308 74441089 71885815 70881976 103245824 97265808 92739537 79238310 135227607 135843222 125592330 151950984 148710686 220846539 237757940
63454361 122584006 82340451 133135150 161965120 155461043 145995614 173993335 167547290 168821727 168241257 167528663 165089793 198722051 209291731 231868421 270383481 269711676 270295904 272400809
63610384 36815766 26712422 42110065 44467630 59479344 65861407 58478367 49264582 97829254 113199496 109051949 121104832 137474078 135004239 132968796 148264116 166927532 200754844 202544694 187860412
63675445 63894318 124670598 195382421 221274350 249022332
63894318 63675445 124670598 221274350 221335139 249022332
64415845 220570544 238269262
64533901 36815766 65674854 58861869 114301306 150242018
64559771 65674854 162990108
65267178 93957438
65509094 207068050
65674854 26712422 23291172 64559771 64533901 58861869 73880393 136224789 230138436
65861407 24471807 36815766 26712422 26416482 42110065 44467630 63610384 59479344 58478367 49264582 51091947 72790217 71619004 101130671 97829254 122133044 115526475 109051949 112265499 120894882 113126161 139896656 137474078 132247063 123412949 133682453 132968796 137247839 170137043 169981549 175778053 200754844 202544694 193787839 187860412 228856495
66421035 101337304 142708750 139481693 139944680 140362936 132353809 137722439 154632570 154299047 198547271 207891068
66432063 151254282
68625508
69042210 36815766 26712422 58478367 49264582 71619004 137474078 128150901 133682453 132968796 170137043 166927532 168619199 175778053 202544694
69064633 174418882 187003134
69351937 36815766 26712422 44467630 59479344 72790217 71619004 113199496 115526475 120084007 109051949 112265499 121104832 123096870 114301306 113126161 139896656 137474078 123412949 133682453 134825961 137247839 170137043 167602183 193787839 196367164 192908786
69479670 58861869 74940900 97539103 79163051 164824772
69943496 56495683
70021392 32627124 26712422 34769591 15909162 14836737 59295250 53637073 58861869 74441089 70881976 70869890 105960876 89599519 129466336 135227607 135843222 220846539
70215313
70435919 195382421 221335139 249022332
70869890 31830490 26432125 25226517 32627124 32605694 26712422 34894340 34769591 30581050 15909162 14836737 21355612 13727185 59518535 59295250 60515155 55096535 54796891 58861869 52974308 55101407 74441089 71885815 71737196 70881976 70021392 103245824 97265808 95594069 107243455 105960876 122059536 92739537 79238310 89599519 140234251 129466336 135843222 123781027 125592330 160625302 159538089 151950984 148710686 220846539
70881976 31830490 32604255 26432125 25226517 32627124 33630647 32605694 26712422 27723673 15909162 14836737 13727185 59518535 59295250 63334735 60515155 54796891 58861869 52974308 74441089 71885815 70869890 70021392 103245824 97265808 105828700 105960876 92297323 92739537 79238310 86499111 89599519 140234251 129466336 135843222 123781027 125592330 125196903 151950984 208408154 220846539
70882668
71054820 57780647 71619004 113199496 112265499 137474078 132247063 133682453 137247839 159359383 196367164 269190146
71307171 207068050
71619004 36815766 26712422 44467630 65861407 69042210 58478367 49264582 51091947 72790217 69351937 71054820 97829254 122133044 115526475 120084007 112265499 123096870 120894882 113126161 139896656 139789656 137474078 137079474 128150901 132247063 134974122 123412949 132069521 135045818 135004239 133682453 132968796 135965085 159359383 153354627 148264116 170137043 167602183 169981549 166927532 168619199 200754844 202544694 193787839 196367164 187860412 228856495 239726684
71737196 31830490 32604255 26432125 33630647 13727185 59518535 62821780 54391494 58861869 74441089 70869890 92297323 92739537 79238310 151950984
71885815 26432125 25226517 32627124 26712422 14836737 59295250 63334735 60515155 54391494 58861869 52974308 70881976 70869890 70021392 103245824 107243455 105960876 86499111 129466336 123781027 147503729 148710686 220846539
72083340 31830490 45833511 31688916 59295250 60515155 54796891 55332282 95594069 92739537 79238310 140234251 132357579 123781027 125196903 151950984 147503729 148710686
72548945 26712422 59479344 58478367 49264582 122133044 109051949 120894882 128150901 132695550 133682453 170137043 166927532 175778053 200754844 193787839
72790217 24471807 36815766 26712422 44467630 59479344 65861407 49264582 69351937 71619004 73880393 101130671 97829254 122133044 113199496 115526475 112265499 121104832 114301306 120894882 113126161 139896656 139789656 132247063 134974122 123412949 132069521 133682453 132968796 135965085 137247839 156494732 170137043 169981549 166927532 200754844 202544694 193787839 222338230
72934663 156980207
73295548 76154265 80370286
73880393 36815766 26712422 42110065 65674854 58861869 72790217 113199496 115526475 109051949 112265499 114301306 132069521 137247839 170137043 167602183 233044483
74137912 26712422 53637073 101603065 105960876 124491564 150242018 148697655
74441089 31830490 32956919 32604255 33630647 32605694 26712422 34769591 30581050 13727185 59518535 59295250 63334735 60515155 54391494 54796891 58861869 71737196 70881976 70869890 70021392 95594069 107243455 105828700 105960876 92739537 79238310 140234251 129466336 132357579 135843222 123781027 125592330 151950984 147503729 148710686
74820042 33720327 43380235 33698655 26712422 45521897 56888552 58861869 56495683 139696559 129466336 148710686 231188982 227936056
74940900 58861869 69479670 97539103 79163051 164824772
75976272
76154265 56330379 73295548 80370286
76370815
77231980
79163051 58861869 74940900 69479670 97539103 164824772
79238310 31830490 32956919 32604255 26432125 25226517 33630647 32605694 26712422 34769591 30581050 13727185 59518535 59295250 63334735 62821780 60515155 54391494 54796891 58861869 52974308 74441089 71737196 72083340 70881976 70869890 95594069 105828700 105960876 92739537 86499111 140234251 132357579 123781027 125592330 125196903 151950984 147503729 148710686 220846539
80370286 73295548 76154265
81971398 101337304 142708750 139481693 140362936 132747483 153004258 154632570 154299047 153438899 152896760 148068425 165390891 165141262 198547271 209219912
82231425 45394153 34894340 24081175 60515155 63088942 58861869 92739537 141240660 129466336 132357579 159538089 147503729 177763171
82340451 63454361 111692180 133135150 161965120 161372975 160146917 156986005 145995614 173993335 167547290 168821727 168241257 167528663 165089793 198238077 209291731 231868421
82809667 94373506 136600493 151571570 174267949 199376342 188769951 212466620 218414585 248532061 251319744 257144045 274317282
84523033
85465140 92005886 143608147 138023550 188850771 204634838 258934410
85779812 187253695 186393610 207068050 225022413
86440210
86499111 26432125 25226517 32627124 33630647 26712422 14836737 59295250 60515155 58861869 52974308 71885815 70881976 103245824 105960876 79238310
87620445 26712422 42522372 24179635 29472591 15909162 20586124 137247839
89418326
89599519 26712422 15909162 58861869 70881976 70869890 70021392 97265808 135843222 208408154
90992450 95463909 109339053
92005886 51795530 85465140 153477737 143962345 188850771 228727312
92297323 31830490 33630647 26712422 59295250 62821780 60515155 54796891 53637073 58861869 71737196 70881976 105960876 92739537 140234251 141995208 129466336 123781027 125196903 151950984 147503729 208408154
92739537 45394153 31830490 26432125 32627124 45833511 26712422 31688916 30581050 14836737 59518535 59295250 63334735 62821780 60515155 53637073 55332282 58861869 74441089 71737196 72083340 70881976 70869890 95594069 105828700 105960876 82231425 92297323 79238310 140234251 129466336 132357579 135227607 123781027 125592330 125196903 159538089 151950984 147503729 148710686 220846539 237757940
93957438 65267178
94373506 82809667 136600493 174267949 199376342 188769951 218414585 248532061 237567168 251319744 257144045 269509189 274317282
95463909 109339053 90992450 141995208 129466336
95594069 26712422 60515155 55332282 74441089 72083340 70869890 92739537 79238310 140234251 129466336 132357579 123781027 125196903 151950984 147503729 237757940
95660854
95706460
96078181
96175082
96866175
97265808 32627124 15909162 63334735 60515155 58861869 52974308 70881976 70869890 89599519 135227607 135843222 208408154 220846539
97539103 58861869 57780647 74940900 69479670 79163051
97829254 24471807 25535016 36815766 26712422 42110065 44467630 63610384 59479344 65861407 60274192 58478367 49264582 72790217 71619004 101130671 122133044 115526475 109051949 112265499 114301306 113126161 139896656 139789656 123412949 133006767 133682453 132968796 135965085 137247839 159359383 148264116 170137043 166927532 175778053 200754844 202544694 193787839
99886292 26712422 42110065 101130671 175778053
100488949
100856215
101130671 24471807 25535016 36815766 26712422 42110065 44467630 65861407 58478367 49264582 72790217 99886292 97829254 122133044 115526475 112265499 114301306 120894882 139789656 137474078 137079474 123412949 133682453 132968796 137247839 170137043 166927532 175778053 200754844 193787839
101337304 66421035 81971398 142708750 139944680 140362936 132747483 137722439 154632570 154299047 152896760 165390891 198547271 209219912
101603065 59295250 58861869 74137912 140234251 124491564 135227607 123781027 125196903 148697655
102248092
103245824 26432125 32627124 15909162 14836737 63334735 58861869 71885815 70881976 70869890 86499111 135227607 135843222 151950984 220846539
104039259 140808338 174373620 269711676
104732578 37055741 207068050
105828700 32604255 45833511 26712422 30581050 14836737 13727185 59295250 60515155 55332282 74441089 70881976 92739537 79238310 140234251 132357579 123781027 125592330 147503729
105960876 45394153 31830490 32956919 26432125 25226517 32627124 36815766 26712422 34894340 14836737 59295250 60515155 54796891 53637073 58861869 74441089 71885815 70881976 70869890 74137912 70021392 107442722 92297323 92739537 79238310 86499111 129466336 132357579 123781027 125592330 160625302 151950984 148710686 208408154 220846539 247317799
107243455 26432125 15909162 14836737 74441089 71885815 70869890 220846539
107442722 26712422 34894340 32211765 105960876
108614209 183550314 189952168 206882859
33720327 74820042
34084958 10510299 207068050
34769591 31830490 32956919 32604255 32627124 33630647 26712422 30581050 13727185 59518535 63334735 62821780 54391494 54796891 58861869 57303920 74441089 70869890 70021392 79238310 132968796 125592330 151950984 148710686
34894340 45394153 36815766 32211765 24081175 60515155 63088942 53637073 55332282 70869890 107442722 105960876 120215391 82231425 141240660 159538089
35426612
36815766 24471807 26712422 34894340 42110065 44467630 63610384 59479344 59295250 65861407 64533901 63334735 69042210 60515155 60274192 58861869 58478367 49264582 57780647 51091947 72790217 69351937 71619004 73880393 101130671 97829254 105960876 122133044 115526475 109051949 121104832 123096870 114301306 120894882 141949354 139896656 139789656 129466336 137474078 137079474 132357579 128150901 132247063 123412949 132069521 133006767 135004239 132695550 133682453 134825961 132968796 135965085 123781027 137247839 150242018 148710686 167602183 166927532 200754844 193787839 192908786 187860412 228856495
37055741 46112968 20753059 104732578 135268186 144442644 207068050
37146231
37847158
38364876
39340395
39841415 207068050
42110065 24471807 36815766 26712422 44467630 63610384 59479344 65861407 58478367 49264582 57780647 73880393 99886292 101130671 97829254 109051949 114301306 133006767 132968796 137247839 166927532 187860412
42522372 26712422 24179635 29472591 15909162 20586124 58861869 87620445
43380235 56888552 74820042
44467630 24471807 36815766 26712422 42110065 63610384 59479344 65861407 58478367 49264582 51091947 72790217 69351937 71619004 101130671 97829254 115526475 109051949 114301306 113126161 139896656 137474078 128150901 137247839 148264116 170137043 166927532 175778053 200754844 202544694 187860412
44469508 26712422 139896656 233739050
44911708
45394153 31830490 26712422 34894340 16155354 24081175 416819 60515155 63088942 58861869 105960876 120215391 82231425 92739537 141240660 129466336 132357579 159538089
45521897 74820042 231188982
45833511 31688916 59295250 60515155 55332282 58861869 72083340 105828700 92739537 140234251 132357579 123781027 125196903 151950984 147503729
46112968 37055741 20753059 19895646 10510299 135268186 154206394 151019338 144442644 215203439 207068050 222533489
46559764
47523605
47525685
48816385
49264582 24471807 25535016 36815766 26712422 42110065 44467630 63610384 59479344 65861407 69042210 58478367 51091947 72790217 72548945 71619004 101130671 97829254 115526475 109051949 112265499 121104832 114301306 120894882 113126161 139789656 132247063 132069521 133006767 133682453 132968796 137247839 148264116 170137043 166927532 168619199 200754844 193787839 192908786
50245133 28508034 58861869
51091947 36815766 26712422 44467630 59479344 65861407 58478367 49264582 71619004 122133044 115526475 139896656 132247063 123412949 170137043 169981549 200754844 202544694 228856495 239726684
51795530 92005886
52974308 26432125 25226517 32627124 26712422 15909162 63334735 58861869 71885815 70881976 70869890 97265808 79238310 86499111 135843222 208408154 220846539
53637073 31830490 26712422 34894340 59295250 60515155 55332282 58861869 74137912 70021392 105960876 92297323 92739537 140234251 129466336 123781027 125196903 147503729
54391494 31830490 32604255 33630647 26712422 34769591 30581050 13727185 59518535 54796891 74441089 71885815 71737196 120894882 79238310 125592330 151950984 148710686 200754844 193787839
54796891 32956919 32604255 26432125 32605694 31688916 34769591 30581050 12993512 13727185 59518535 59295250 59713486 63334735 62821780 60515155 54391494 58720999 58861869 74441089 72083340 70881976 70869890 105960876 92297323 79238310 124491564 123781027 125592330 151950984 148710686 220846539
54862520 220659510 258198758
55096535 31830490 26712422 59713486 58720999 58861869 55101407 70869890 129466336 159538089
55101407 26712422 55096535 70869890 129466336 160625302 159538089
55332282 45833511 34894340 59295250 60515155 53637073 72083340 95594069 105828700 92739537 129466336 132357579 135227607 125196903 147503729 237757940
55833936 207068050
56330379 76154265
56495683 69943496 74820042
56888552 43380235 74820042
57147063 26712422
57303920 24179635 34769591 20586124 58861869 151950984
57653413 19895646 144442644 207068050
57780647 36815766 42110065 71054820 97539103 132968796 125592330
58476591
58478367 36815766 26712422 26416482 42110065 44467630 63610384 59479344 65861407 69042210 49264582 51091947 72548945 71619004 101130671 97829254 113199496 109051949 121104832 123096870 114301306 113126161 139896656 137474078 123412949 133006767 133682453 132968796 135965085 148264116 169981549 166927532 168619199 175778053 200754844 202544694 200152425 193787839 187860412 233044483 228856495
58720999 26712422 55096535 54796891
58861869 45394153 31830490 32956919 32604255 26432125 25226517 32627124 45833511 28508034 36815766 26712422 42522372 24179635 31688916 34769591 30581050 27723673 29472591 15909162 14836737 23291172 20586124 59518535 59295250 59713486 65674854 64533901 63334735 62821780 60515155 55096535 54796891 53637073 52974308 57303920 50245133 74441089 71885815 71737196 73880393 70881976 70869890 74940900 74820042 70021392 69479670 97539103 103245824 97265808 101603065 105960876 79163051 82231425 92297323 92739537 79238310 86499111 89599519 140234251 136224789 129466336 132357579 135843222 123781027 125592330 125196903 160625302 151950984 150242018 148697655 147503729 148710686 164824772 201962696 208408154 217383103 230138436 247317799 239934973
109051949 36815766 26712422 26416482 42110065 44467630 63610384 59479344 65861407 58478367 49264582 72548945 69351937 73880393 97829254 122133044 115526475 121104832 120894882 113126161 139789656 134974122 132069521 133006767 135045818 132695550 132968796 135965085 137247839 159359383 170137043 175778053 200754844 202544694 193787839 196367164 233044483 228856495 222338230 269190146
109339053 95463909 90992450
111062617 59713486 123096870 132968796
111692180 82340451 133135150 173993335 230445960 274347055
112265499 24471807 25535016 26712422 59479344 65861407 49264582 72790217 69351937 71619004 73880393 71054820 101130671 97829254 122133044 113199496 115526475 120084007 121104832 123096870 114301306 113126161 139896656 139789656 137474078 134974122 123412949 135045818 135004239 133682453 134825961 132968796 135965085 159359383 156494732 170137043 167602183 169981549 166927532 200754844 196367164 192908786 187860412 234083176 222338230
113126161 24471807 36815766 26712422 26416482 44467630 59479344 65861407 58478367 49264582 72790217 69351937 71619004 97829254 122133044 113199496 115526475 109051949 112265499 121104832 123096870 114301306 139789656 137474078 137079474 128150901 132247063 134974122 123412949 132069521 133006767 135004239 133682453 137247839 148264116 170137043 167602183 169981549 166927532 200754844 193787839 196367164 187860412
113199496 24471807 63610384 58478367 72790217 69351937 73880393 71054820 122133044 115526475 112265499 121104832 123096870 114301306 120894882 113126161 137474078 128150901 132247063 135004239 135965085 137247839 148264116 170137043 167602183 166927532 168619199 202544694 193787839 187860412
113317303 233859445
113562023
114301306 24471807 36815766 26712422 42110065 44467630 59479344 64533901 58478367 49264582 72790217 69351937 73880393 101130671 97829254 122133044 113199496 115526475 112265499 121104832 120894882 113126161 139896656 139789656 137474078 134974122 123412949 133006767 135045818 132695550 133682453 134825961 132968796 135965085 137247839 159359383 153354627 154393796 170137043 169981549 166927532 200754844 202544694 193787839 196367164 233044483 222338230
115526475 24471807 36815766 26712422 44467630 59479344 65861407 49264582 51091947 72790217 69351937 71619004 73880393 101130671 97829254 122133044 113199496 120084007 109051949 112265499 114301306 113126161 139896656 139789656 137474078 137079474 128150901 132247063 134974122 123412949 132069521 133006767 135045818 135004239 132695550 133682453 134825961 132968796 135965085 137247839 159359383 154393796 148264116 170137043 167602183 169981549 168619199 200754844 202544694 193787839 196367164 192908786 187860412 203976708 234083176 228856495 222338230 239726684
116501042 32604255 26432125 26712422 30581050 15909162 59295250 63334735 60515155 53637073 74441089 71737196 70881976 70869890 103245824 97265808 92739537 86499111 135227607 125592330 151950984 220846539
118851628 236046377 263453437
120084007 26712422 69351937 71619004 115526475 112265499 139789656 133682453 135965085 192908786
120215391 45394153 26712422 34894340 63088942 141240660 124491564 160625302 148697655 148710686
120894882 36815766 59479344 65861407 54391494 49264582 72790217 72548945 71619004 101130671 122133044 113199496 109051949 114301306 139789656 135004239 132695550 133682453 135965085 137247839 170137043 168619199 200754844 193787839 192908786
120937705
121104832 36815766 26712422 63610384 59479344 58478367 49264582 72790217 69351937 122133044 113199496 109051949 112265499 114301306 113126161 139896656 139789656 128150901 132247063 134974122 123412949 133006767 135004239 133682453 135965085 137247839 167602183 169981549 166927532 200754844 202544694 196367164 203976708
121890258
122059536 32627124 26712422 15909162 60515155 70869890 220846539
122133044 36815766 26712422 59479344 65861407 51091947 72790217 72548945 71619004 101130671 97829254 113199496 115526475 109051949 112265499 121104832 123096870 114301306 120894882 113126161 139896656 139789656 137474078 137079474 132247063 134974122 123412949 132069521 135045818 135004239 132695550 133682453 135965085 137247839 153354627 154393796 170137043 166927532 200754844 193787839 196367164 187860412 233044483 222338230
122267155
122322006
122584006 63454361 133135150 161965120 155461043 152884077 145995614 168241257 182683267 209291731 231868421 259906321
123096870 36815766 26712422 58478367 69351937 71619004 122133044 113199496 112265499 111062617 113126161 139896656 128150901 132247063 134974122 135004239 133682453 135965085 160625302 154393796 200754844
123412949 36815766 26712422 59479344 65861407 58478367 51091947 72790217 69351937 71619004 101130671 97829254 122133044 115526475 112265499 121104832 114301306 113126161 139896656 139789656 137474078 128150901 132247063 134974122 133006767 135045818 133682453 132968796 135965085 137247839 159359383 153354627 154393796 148264116 170137043 167602183 169981549 166927532 200754844 202544694 196367164 187860412 233044483 234083176 228856495 222338230
123709288
123781027 32604255 26432125 25226517 33630647 45833511 36815766 26712422 31688916 14836737 13727185 59518535 59295250 60515155 54796891 53637073 58861869 74441089 71885815 72083340 70881976 70869890 95594069 101603065 105828700 105960876 92297323 92739537 79238310 140234251 129466336 132357579 135227607 125592330 125196903 151950984 147503729 148710686 237757940
124098293
124491564 26432125 26712422 63088942 54796891 74137912 101603065 120215391 141240660 148697655
124670598 63675445 63894318 170875063 183195750 198621703 195382421 214263670 221335139 249022332
125196903 45833511 31688916 59295250 60515155 53637073 55332282 58861869 72083340 70881976 95594069 101603065 92297323 92739537 79238310 140234251 132357579 123781027 160625302 151950984 147503729 148710686 237757940
125592330 32604255 26432125 25226517 32627124 26712422 34769591 30581050 15909162 14836737 20586124 13727185 59518535 59295250 59713486 63334735 62821780 60515155 54391494 54796891 58861869 57780647 74441089 70881976 70869890 105828700 105960876 92739537 79238310 140234251 129466336 132357579 123781027 151950984 208408154 237757940
126780085 37055741
127081501 183550314
128150901 36815766 26712422 44467630 69042210 72548945 71619004 113199496 115526475 121104832 123096870 113126161 137474078 123412949 132069521 135004239 133682453 132968796 148264116 169981549 168619199 239726684
129466336 45394153 31830490 25226517 32627124 36815766 26712422 14836737 59295250 60515155 55096535 53637073 55332282 58861869 55101407 74441089 71885815 70881976 70869890 74820042 70021392 95594069 95463909 105960876 82231425 92297323 92739537 141995208 132357579 135227607 135843222 123781027 125592330 160625302 151950984 147503729 148710686 247317799
132069521 36815766 26712422 59479344 49264582 72790217 71619004 73880393 122133044 115526475 109051949 113126161 139789656 137474078 128150901 133682453 159359383 153354627 162990108 166927532 200754844 193787839 203976708
132247063 36815766 26712422 65861407 49264582 51091947 72790217 71619004 71054820 122133044 113199496 115526475 121104832 123096870 113126161 137474078 123412949 133682453 132968796 137247839 166927532 200754844
132353809 66421035 139481693 139944680 140362936 137722439 161266503 154299047 152896760 192205209
132357579 45394153 31830490 26432125 45833511 36815766 26712422 24179635 31688916 14836737 21355612 59295250 60515155 55332282 58861869 74441089 72083340 95594069 105828700 105960876 82231425 92739537 79238310 140234251 129466336 135843222 123781027 125592330 125196903 159538089 151950984 147503729 237757940
132475743 26712422
132695550 36815766 59479344 72548945 122133044 115526475 109051949 114301306 120894882 139789656 133682453 135965085 137247839 153354627 166927532 200754844 193787839 192908786
132747483 101337304 81971398 142708750 139944680 140362936 137722439 153004258 152896760 148068425 165390891 209219912 207891068
132968796 24471807 25535016 36815766 26712422 34769591 42110065 63610384 59479344 65861407 69042210 58478367 49264582 57780647 72790217 71619004 101130671 97829254 115526475 109051949 112265499 111062617 114301306 139789656 137474078 128150901 132247063 123412949 133006767 135004239 133682453 135965085 137247839 162990108 170137043 168619199 175778053 202544694 193787839 196367164 192908786 187860412
133006767 36815766 26712422 42110065 58478367 49264582 97829254 115526475 109051949 121104832 114301306 113126161 139789656 137474078 134974122 123412949 135045818 135004239 133682453 134825961 132968796 135965085 137247839 148264116 170137043 167602183 166927532 168619199 233044483 234083176
133032894 207068050
133135150 63454361 111692180 122584006 82340451 161965120 161372975 156986005 155461043 145995614 173993335 167547290 168241257 165089793 198722051 198238077 230445960 270295904
133682453 36815766 26712422 59479344 65861407 69042210 58478367 49264582 72790217 72548945 69351937 71619004 71054820 101130671 97829254 122133044 115526475 120084007 112265499 121104832 123096870 114301306 120894882 113126161 139896656 139789656 137474078 128150901 132247063 134974122 123412949 132069521 133006767 135045818 135004239 132695550 134825961 132968796 135965085 137247839 159359383 154393796 148264116 170137043 167602183 169981549 166927532 200754844 202544694 193787839 196367164 192908786 187860412 203976708 233044483 234083176 228856495 222338230 239726684
134825961 36815766 69351937 115526475 112265499 114301306 139789656 134974122 133006767 135045818 135004239 133682453 135965085 167602183 169981549 239726684
143962345 92005886 143608147 153477737 152330491 180019673 179184990 188850771 204634838 228727312 258934410
144442644 37055741 46112968 10510299 57653413 157171146 151019338 207068050 222533489 242745928 241821348
144937352 151254282
145113105
145995614 63454361 122584006 82340451 133135150 161965120 155461043 167547290 165089793 180238671 231868421 259906321
146068211 36815766 26712422 123096870 133682453
147286106 210284472 207068050
147288466
147503729 31830490 25226517 45833511 26712422 31688916 30581050 59518535 59295250 60515155 53637073 55332282 58861869 74441089 71885815 72083340 95594069 105828700 82231425 92297323 92739537 79238310 140234251 129466336 132357579 123781027 125196903 151950984 148710686
147638290 175182152
147979843
148068425 81971398 132747483 152896760 209219912
148118693 188374043 277667054
148264116 26712422 44467630 63610384 58478367 49264582 71619004 97829254 113199496 115526475 113126161 139896656 139789656 137474078 128150901 123412949 133006767 135045818 135004239 133682453 135965085 137247839 154393796 170137043 169981549 175778053 200754844 202544694 193787839 196367164 187860412
148598290
148697655 26712422 59713486 58861869 74137912 101603065 120215391 124491564 160625302 177763171
148710686 31830490 32604255 26432125 25226517 36815766 34769591 13727185 59518535 59295250 63334735 62821780 60515155 54391494 54796891 58861869 74441089 71885815 72083340 70869890 74820042 105960876 120215391 92739537 79238310 140234251 129466336 135227607 123781027 125196903 160625302 151950984 147503729 220846539
149198339 92005886 85465140 143608147 138023550 179184990
150242018 36815766 64533901 60515155 58861869 74137912 167602183
150984151
151019338 46112968 144442644 207068050
151233461
151254282 66432063 161083444 144937352 164882235 165138190 197234454 194018305 223952504 245669934 260816258
151358031
151571570 82809667 136600493 174267949 212466620 269509189
151950984 31830490 32604255 26432125 32627124 33630647 32605694 45833511 26712422 24179635 34769591 15909162 14836737 20586124 13727185 59518535 59295250 63334735 62821780 60515155 54391494 54796891 58861869 57303920 74441089 71737196 72083340 70881976 70869890 103245824 95594069 105960876 92297323 92739537 79238310 140234251 141995208 129466336 132357579 123781027 125592330 125196903 147503729 148710686 220846539
152121048
152330491 143608147 153477737 143962345 169904513
152884077 122584006 140808338 168241257 180299893 231868421 251756027 259906321
152896760 101337304 81971398 142708750 139481693 139944680 132747483 132353809 137722439 153004258 154632570 154299047 153438899 148068425 165390891 165141262 198547271 209219912 236910263
153004258 81971398 142708750 139481693 139944680 132747483 137722439 154632570 154299047 153438899 152896760 165390891 165141262 198547271 192205209 209219912
153354627 26712422 71619004 122133044 114301306 123412949 132069521 132695550 156494732 170137043 200754844 202544694
153438899 81971398 139944680 140362936 137722439 153004258 154299047 152896760 165390891 165141262 198547271 236910263
153477737 92005886 143608147 152330491 143962345 169904513 180019673 179184990 188850771 204634838 228727312 258934410
154088172
154189821 223262659
154206394 46112968 60571280 207068050
154299047 66421035 101337304 81971398 142708750 139481693 139944680 138865170 132353809 137722439 153004258 154632570 153438899 152896760 165390891 165141262 198547271 192205209 209219912 207891068 236910263
154333794 183550314 189952168
154393796 26712422 122133044 115526475 123096870 114301306 139896656 134974122 123412949 133682453 135965085 148264116 196367164
154528775
154632570 66421035 101337304 81971398 142708750 139481693 139944680 137722439 153004258 154299047 152896760 165390891 165141262 198547271 192205209 207891068 236910263
154686999
155461043 63454361 122584006 133135150 145995614 173993335 168241257 165089793 209291731 231868421 270383481
155698123 26712422
155777476
156409519
156453387
156494732 26712422 72790217 112265499 153354627
156633413 191205120
134897238 175182152 221137357 219032477
134974122 26712422 59479344 72790217 71619004 122133044 115526475 109051949 112265499 121104832 123096870 114301306 113126161 139789656 123412949 133006767 135045818 133682453 134825961 135965085 137247839 159359383 154393796 170137043 167602183 169981549 166927532 202544694 196367164 233044483 234083176 222338230 239726684
135004239 24471807 36815766 26712422 63610384 71619004 122133044 113199496 115526475 112265499 121104832 123096870 120894882 113126161 139896656 137474078 128150901 133006767 133682453 134825961 132968796 137247839 148264116 167602183 169981549 168619199 187860412 239726684
135045818 26712422 59479344 71619004 122133044 115526475 109051949 112265499 114301306 139896656 139789656 134974122 123412949 133006767 133682453 134825961 135965085 159359383 148264116 170137043 167602183 169981549 166927532 193787839 196367164 203976708 234083176 222338230 239726684
135227607 32627124 26712422 15909162 59518535 59713486 63334735 60515155 55332282 70021392 103245824 97265808 101603065 92739537 129466336 123781027 148710686 220846539
135268186 37055741 46112968
135293558
135475689
135836194 200340600 214263670
135843222 26432125 32627124 26712422 15909162 59713486 63334735 60515155 58861869 52974308 74441089 70881976 70869890 70021392 103245824 97265808 89599519 129466336 132357579 220846539
135965085 36815766 26712422 59479344 58478367 72790217 71619004 97829254 122133044 113199496 115526475 120084007 109051949 112265499 121104832 123096870 114301306 120894882 139896656 139789656 137079474 134974122 123412949 133006767 135045818 132695550 133682453 134825961 132968796 137247839 159359383 154393796 148264116 170137043 167602183 169981549 166927532 200754844 193787839 196367164 203976708 233044483 234083176 222338230 239726684 269190146
136224789 65674854 58861869 198547271
136298042
136542640
136600493 82809667 94373506 162155496 151571570 174267949 176524690 199376342 188769951 212466620 218414585 248532061 249087366 237567168 252341399 251319744 257144045 269509189 278249500 274317282
137079474 36815766 26712422 71619004 101130671 122133044 115526475 113126161 139789656 135965085 137247839 170137043 167602183 200754844 202544694 200152425 233044483
137091872 207068050
137247839 24471807 36815766 26712422 42110065 44467630 59479344 65861407 60274192 49264582 72790217 69351937 73880393 71054820 101130671 97829254 122133044 113199496 115526475 109051949 121104832 114301306 120894882 113126161 87620445 139789656 137474078 137079474 132247063 134974122 123412949 133006767 135004239 132695550 133682453 132968796 135965085 159359383 148264116 170137043 175778053 200754844 193787839 196367164 222338230
137474078 25535016 36815766 26712422 44467630 63610384 59479344 65861407 69042210 58478367 69351937 71619004 71054820 101130671 122133044 113199496 115526475 112265499 114301306 113126161 139896656 128150901 132247063 123412949 132069521 133006767 135004239 133682453 132968796 137247839 148264116 170137043 169981549 168619199 200754844 193787839
137525654
137545056
137722439 66421035 101337304 142708750 139481693 139944680 140362936 132747483 132353809 153004258 154632570 154299047 153438899 152896760 165390891 198547271 209219912 207891068 236910263
138023550 85465140 139852413
138865170 154299047
138868230
139165329 165111965 175235134 202102726 187003134 188232922 225756437 272757348
139172864 162886936 204532475 205204591 231594074 222384318
139260480 95706460
139481693 66421035 81971398 142708750 140362936 132353809 137722439 161266503 153004258 154632570 154299047 152896760 165390891 207891068
139600387 156902412 168769341 248932674 266532662
139696559 26712422 74820042
139789656 36815766 26712422 59479344 49264582 72790217 71619004 101130671 97829254 122133044 115526475 120084007 109051949 112265499 121104832 114301306 120894882 113126161 139896656 137079474 134974122 123412949 132069521 133006767 135045818 132695550 133682453 134825961 132968796 135965085 137247839 159359383 148264116 170137043 167602183 169981549 166927532 200754844 202544694 200152425 193787839 196367164 203976708 233044483 234083176 222338230 239726684
139852413 138023550 228727312
139896656 36815766 26712422 44469508 44467630 59479344 65861407 58478367 51091947 72790217 69351937 71619004 97829254 122133044 115526475 112265499 121104832 123096870 114301306 139789656 137474078 123412949 135045818 135004239 133682453 135965085 159359383 154393796 148264116 170137043 167602183 169981549 166927532 200754844 202544694 200152425 196367164 203976708 233044483 234083176 228856495 222338230 269190146
139944680 66421035 101337304 142708750 140362936 132747483 132353809 137722439 153004258 154632570 154299047 153438899 152896760 165390891 165141262 198547271 192205209 209219912 236910263
140186340
140234251 31830490 45833511 31688916 20586124 59518535 59295250 60515155 53637073 58861869 74441089 72083340 70881976 70869890 95594069 101603065 105828700 92297323 92739537 79238310 132357579 123781027 125592330 125196903 151950984 147503729 148710686 237757940
140318861
140362936 66421035 101337304 81971398 142708750 139481693 139944680 132747483 132353809 137722439 161266503 153438899 165390891 165141262 198547271 192205209 207891068 236910263
140808338 104039259 152884077 174373620 168241257 251756027 269711676
141021543 275677607
141240660 45394153 26712422 34894340 63088942 120215391 82231425 124491564
141949354 36815766 26712422
141995208 26712422 59295250 60515155 95463909 92297323 129466336 151950984
142358587
142432746
142708750 66421035 101337304 81971398 139481693 139944680 140362936 132747483 137722439 153004258 154632570 154299047 152896760 165390891 198547271 192205209 209219912 236910263
142882294
143608147 85465140 153477737 152330491 143962345 179184990 188850771 228867365
143623216 164110040
156656402
156731272
156902412 139600387 168769341 207149411 266532662
156980207 72934663 220427044 251004726
156986005 82340451 133135150 161372975 167547290 198722051 270295904 274347055
157171146 144442644 207068050 242745928
157393243
157692100
157909165
159359383 26712422 59479344 71619004 71054820 97829254 115526475 109051949 112265499 114301306 139896656 139789656 134974122 123412949 132069521 135045818 133682453 135965085 137247839 170137043 167602183 169981549 200152425 196367164 234083176 269190146
159538089 45394153 26712422 34894340 24081175 59295250 60515155 63088942 55096535 55101407 70869890 82231425 92739537 132357579
160004963
160146917 82340451 161965120 173993335 168241257
160625302 26712422 59295250 60515155 58861869 55101407 70869890 105960876 123096870 120215391 129466336 125196903 148697655 148710686 177763171 247317799
160770700 187253695
160853597 186551664 235625153 233762544 225693800 269718485
161083444 151254282
161266503 139481693 140362936 132353809 192205209
161372975 82340451 133135150 161965120 156986005 173993335 167547290 168821727 168241257 167528663 165089793 180238671 182683267 198722051 231868421 230445960 270383481
161965120 63454361 122584006 82340451 133135150 161372975 160146917 145995614 173993335 167547290 168821727 168241257 167528663 165089793 180238671 182683267 195130819 209291731 231868421 230445960
162134316
162151177
162155496 136600493 176524690 188769951 212466620 257144045
162426301 174373620 198722051 269711676
162886936 139172864 201433129 204532475 205204591 231594074 240897684 254483214 274503804
162990108 26712422 64559771 132069521 132968796
163006087 241191961
164110040 143623216 207149411 234719424 227624993
164508024
164824772 58861869 74940900 69479670 79163051
164882235 151254282 185430532
164907389 261071175
164984424 198629358
165089793 63454361 82340451 133135150 161965120 161372975 155461043 145995614 173993335 167547290 168821727 168241257 180238671 209291731 231868421 230445960 269711676
165111965 139165329 174418882 175235134 202102726 187003134 188232922 225756437 245963967
165138190 151254282
165141262 81971398 139944680 140362936 153004258 154632570 154299047 153438899 152896760 165390891
165390891 101337304 81971398 142708750 139481693 139944680 140362936 132747483 137722439 153004258 154632570 154299047 153438899 152896760 165141262 198547271 192205209 236910263
165492356
166828908 222530937
166927532 24471807 36815766 26712422 42110065 44467630 63610384 69042210 58478367 49264582 72790217 72548945 71619004 101130671 97829254 122133044 113199496 112265499 121104832 114301306 113126161 139896656 139789656 132247063 134974122 123412949 132069521 133006767 135045818 132695550 133682453 135965085 170137043 169981549 200754844 202544694 193787839 196367164 187860412 203976708
167053531 238979020
167055569
167462218
167528663 63454361 82340451 161965120 161372975 173993335 167547290 168821727 168241257 182683267
167547290 63454361 82340451 133135150 161965120 161372975 156986005 145995614 173993335 168821727 168241257 167528663 165089793 180238671 198722051 209291731 259906321
167602183 36815766 26712422 59479344 69351937 71619004 73880393 113199496 115526475 112265499 121104832 113126161 139896656 139789656 137079474 134974122 123412949 133006767 135045818 135004239 133682453 134825961 135965085 159359383 150242018 170137043 169981549 200152425 196367164 233044483 234083176 222338230 239726684
168221370 207068050
168241257 63454361 122584006 82340451 140808338 133135150 161965120 161372975 160146917 155461043 152884077 174373620 173993335 167547290 168821727 167528663 165089793 180238671 182683267 180299893 198722051 195130819 209291731
168497528
183702898
185208507 179866631 196660917 207242885 237028899 250392108 254964004
185430532 164882235
186393610 85779812 187253695 225022413
186493836 175182152 209045420 221211253 219032477 222866710 225365621
186551664 160853597 182150619 205474932 221486694 233762544 225693800 240819642
187003134 69064633 139165329 165111965 175235134 202102726 188232922 225756437 226735036
187253695 85779812 160770700 186393610 225022413 263851366
187287581 222109368
187860412 24471807 36815766 26712422 42110065 44467630 63610384 59479344 65861407 58478367 71619004 122133044 113199496 115526475 112265499 113126161 123412949 135004239 133682453 132968796 148264116 166927532 200754844 202544694 193787839 203976708
188232922 139165329 165111965 175235134 202102726 187003134 225756437
188374043 148118693 195957223 222681585 236710835
188769951 82809667 94373506 136600493 162155496 174267949 199376342 218414585 248532061 251319744 257144045 269509189 278249500 274317282
188850771 92005886 85465140 143608147 153477737 143962345 180019673 179184990 204634838 228727312 258934410
189565517 207068050
189952168 108614209 154333794 183550314
190053694 200990178
190886643
190933263
191205120 156633413
191581791
191614984
191679597 269718485
191944598
192205209 142708750 139944680 140362936 132353809 161266503 153004258 154632570 154299047 165390891 209219912
192240611 253847220
192533906
192585766 176596174 199348138 206438800 230134114 227299442 243277928 240232392 262546177
192908786 24471807 36815766 26712422 49264582 69351937 115526475 120084007 112265499 120894882 132695550 133682453 132968796
192932884
193254441
193787839 24471807 36815766 26712422 65861407 54391494 58478367 49264582 72790217 72548945 69351937 71619004 101130671 97829254 122133044 113199496 115526475 109051949 114301306 120894882 113126161 139789656 137474078 132069521 135045818 132695550 133682453 132968796 135965085 137247839 148264116 170137043 166927532 168619199 175778053 200754844 202544694 196367164 187860412 203976708 233044483 234083176 222338230
193801084
194018305 151254282
194317853 69064633 175235134 202102726 216892234 263070120 269859160 265358278
195130819 161965120 173993335 168821727 168241257 230445960 270295904
195382421 63675445 70435919 124670598 200340600 214263670 221274350 249022332
195908762 203021119 238979020
195910592 177248160 204532475 205204591 222384318 274503804
195957223 171251803 188374043
196013616
196367164 26712422 59479344 69351937 71619004 71054820 122133044 115526475 109051949 112265499 121104832 114301306 113126161 139896656 139789656 134974122 123412949 135045818 133682453 132968796 135965085 137247839 159359383 154393796 148264116 170137043 167602183 169981549 166927532 168619199 200152425 193787839 233044483 234083176 222338230
196660917 185208507 215972573 237028899 250392108 254964004
196855407
197234454 151254282
197384175
197399392 207068050
197462563 270295904 274347055
198238077 82340451 133135150 173993335
198416752 223613264
168619199 26712422 59479344 69042210 58478367 49264582 71619004 113199496 115526475 120894882 137474078 128150901 133006767 135004239 132968796 170137043 175778053 200754844 202544694 193787839 196367164 228856495
168679317 175776821
168769341 139600387 156902412 173309576 204803173 235240123 260731212
168821727 63454361 82340451 161965120 161372975 173993335 167547290 168241257 167528663 165089793 180238671 198722051 195130819 231868421 259906321 270295904 272400809
168981203
169822492
169904513 153477737 152330491 228867365
169981549 26712422 59479344 65861407 58478367 51091947 72790217 71619004 115526475 112265499 121104832 114301306 113126161 139896656 139789656 137474078 128150901 134974122 123412949 135045818 135004239 133682453 134825961 135965085 159359383 148264116 170137043 167602183 166927532 200754844 200152425 196367164 234083176 228856495 222338230 239726684
170137043 24471807 26712422 44467630 59479344 65861407 69042210 49264582 51091947 72790217 72548945 69351937 71619004 73880393 101130671 97829254 122133044 113199496 115526475 109051949 112265499 114301306 120894882 113126161 139896656 139789656 137474078 137079474 134974122 123412949 133006767 135045818 133682453 132968796 135965085 137247839 159359383 153354627 148264116 167602183 169981549 166927532 168619199 202544694 193787839 196367164 203976708 233044483 234083176 228856495 222338230 269190146
170875063 124670598 183195750 200340600 214263670 221335139
171215053
171247363
171251803 195957223 222681585
172403638 200990178 205474932 225693800 248059650 238291350 255125223
173012294
173309576 168769341
173993335 63454361 111692180 82340451 133135150 161965120 161372975 160146917 155461043 167547290 168821727 168241257 167528663 165089793 180238671 182683267 198722051 195130819 198238077 209291731 270295904 272400809 274347055
174267949 82809667 94373506 136600493 151571570 199376342 188769951 218414585 248532061 237567168 257144045 269509189 278249500 274317282
174373620 104039259 140808338 162426301 168241257 180299893 251756027 269711676 265782764
174418882 69064633 165111965 245963967 269859160 265358278
174656246 202189396 212770835 214460742 229848230 236849245
175138595
175182152 134897238 147638290 186493836 209045420 221211253 219032477 225365621 264898900
175235134 139165329 165111965 202102726 187003134 188232922 225756437 252864178
175776821 168679317
175778053 26712422 44467630 65861407 69042210 58478367 72548945 99886292 101130671 97829254 109051949 132968796 137247839 148264116 168619199 200754844 202544694 193787839 228856495
176524690 136600493 162155496 199376342 237567168 252341399 257144045 269509189
176596174 192585766 206438800 207615672 230134114 227299442 240232392 237450315 262546177
176760715
177248160 178949408 201433129 195910592 231594074 222384318 240897684 254483214 274503804
177763171 82231425 160625302 148697655
177824097
178306696 207068050
178551826
178949408 177248160 201433129 231594074 225294669 240897684 254483214 274503804
179142222 207068050
179184990 143608147 153477737 143962345 180019673 188850771 204634838
179304786
179691138 161965120 161372975 156986005 173993335 197462563 270295904 272400809
179866631 185208507 215972573 207242885 237028899 250392108 254964004
180019673 153477737 143962345 179184990 188850771 204634838 258934410
180238671 161965120 161372975 145995614 173993335 167547290 168821727 168241257 165089793 182683267 198722051 230445960 259906321
180299893 152884077 174373620 168241257 182683267
180316541
181598458 264971845
182150619 186551664 240819642 238291350 269718485
182519782 207068050 222533489
182683267 122584006 161965120 161372975 173993335 168241257 167528663 180238671 180299893
183195750 124670598 170875063 200340600 214263670 221274350 221335139 222501627
183550314 108614209 127081501 154333794 189952168 206882859
198547271 66421035 101337304 81971398 142708750 139944680 140362936 136224789 137722439 153004258 154632570 154299047 153438899 152896760 165390891 207247459 236910263
198621703 124670598 249022332
198629358 164984424
198722051 63454361 133135150 161372975 162426301 156986005 173993335 167547290 168821727 168241257 180238671 251756027 270295904
198813347
198987782
199348138 192585766 248597861 240232392
199376342 82809667 94373506 136600493 174267949 176524690 188769951 218414585 248532061 237567168 251319744 257144045 269509189 274317282
199609164 208408154
199793991
200152425 58478367 139896656 139789656 137079474 159359383 167602183 169981549 200754844 202544694 196367164 233044483 234083176
200214158
200340600 135836194 170875063 183195750 195382421 214263670 221274350 221335139
200754844 36815766 26712422 26416482 44467630 63610384 59479344 65861407 54391494 58478367 49264582 51091947 72790217 72548945 71619004 101130671 97829254 122133044 115526475 109051949 112265499 121104832 123096870 114301306 120894882 113126161 139896656 139789656 137474078 137079474 132247063 123412949 132069521 132695550 133682453 135965085 137247839 153354627 148264116 169981549 166927532 168619199 175778053 202544694 200152425 193787839 187860412 203976708 228856495 222338230
200990178 172403638 190053694 205474932 234195366 225693800 248059650 238291350 255125223
201433129 162886936 178949408 177248160 204532475 205204591 222384318 240897684
201723685 253847220
201962696 58861869
202102726 139165329 165111965 175235134 187003134 188232922 225756437 222861596 245963967 272757348
202189396 214460742 229848230
202544694 26712422 44467630 63610384 59479344 65861407 69042210 58478367 51091947 72790217 71619004 97829254 113199496 115526475 109051949 121104832 114301306 139896656 139789656 137079474 134974122 123412949 133682453 132968796 153354627 148264116 170137043 166927532 168619199 175778053 200754844 200152425 193787839 187860412 203976708 233044483 228856495 222338230
202652468
203021119 195908762 238979020
203082476 277667054
203898887
203976708 26712422 59479344 115526475 121104832 139896656 139789656 132069521 135045818 133682453 135965085 170137043 166927532 200754844 202544694 193787839 187860412 233044483 228856495
204532475 139172864 162886936 201433129 195910592 254483214 274503804
204634838 85465140 153477737 143962345 180019673 179184990 188850771 258934410
204777582
204803173 168769341 240113869 260731212 281357183
204939089
205204591 139172864 162886936 201433129 195910592 225294669 222384318 240897684 274503804
205474932 172403638 200990178 186551664 221486694 255125223
206438800 176596174 192585766 233659841 230134114 227299442 240232392 237450315 261071175 275677607
206589555
206882859 108614209 183550314 227014061 270769231
207068050 37055741 34084958 26712422 46112968 33609832 39841415 10593831 19895646 10510299 65509094 60571280 55833936 57653413 71307171 104732578 85779812 137091872 133032894 157171146 154206394 151019338 147286106 144442644 168221370 178306696 182519782 179142222 197399392 189565517 210284472 215203439 212566946 220659510 229179405 227205763 222533489 224293670 222530937 242745928 245991300 241821348 254316541 261377861 271554790
207149411 156902412 164110040 227624993
207242885 179866631 185208507 215972573 250392108 254964004
207247459 198547271
207577980
207615672 176596174 230134114 227299442
207891068 66421035 139481693 140362936 132747483 137722439 154632570 154299047 236910263
208408154 31830490 26712422 58861869 52974308 70881976 97265808 105960876 92297323 89599519 125592330 247317799
208674086 225365621
209045420 175182152 186493836 221211253 219032477 225365621
209102484 236046377 229848230 263453437 260756068
209135300
209219912 101337304 81971398 142708750 139944680 132747483 137722439 153004258 154299047 152896760 148068425 192205209 236910263
209291731 63454361 122584006 82340451 161965120 155461043 173993335 167547290 168241257 165089793 231868421 230445960 259906321 270383481
210284472 147286106 207068050
210663333 219050893 259342555 271936306
211640985
212466620 82809667 136600493 162155496 151571570 218414585
212566946 28341924 207068050
212683620
212758672 234719424 266532662
212770835 236046377 229848230 236849245
212902580
212953328
213376377
213726748 250392108
213949978 257290207
214263670 135836194 124670598 170875063 183195750 200340600 195382421 221274350 221335139
214460742 202189396 236046377 229848230 236849245
214491331 224276227
215203439 46112968 20753059 207068050 222533489 242745928
215391240
215569271 269718485
215739200
215972573 179866631 196660917 207242885 250392108 254964004
215983231
216381314
216892234 225756437 222861596 245963967 263070120 272757348
217360937
217383103 26712422 58861869
218200815 225022413
218400643 207068050
218414585 82809667 94373506 136600493 174267949 199376342 188769951 212466620 248532061 237567168 257144045
218896208 26712422
218967905 265131626
218983097
219032477 134897238 175182152 186493836 209045420 221137357 221211253 225365621 243102253 264898900
219050893 210663333 245888260 259342555
219243460
219516417
219543111
220118140 225365621
220427044 156980207 223262659
220570544 64415845 238269262
220659510 10593831 54862520 207068050
220747308 26712422
220846539 26432125 25226517 32627124 32605694 26712422 27723673 15909162 59518535 63334735 60515155 54796891 52974308 71885815 70881976 70869890 70021392 103245824 97265808 107243455 105960876 122059536 92739537 79238310 135227607 135843222 151950984 148710686
220899843
221137357 134897238 219032477 225365621
221211253 175182152 186493836 209045420 219032477 225365621
221274350 63675445 63894318 183195750 200340600 195382421 214263670 221335139 249022332
221335139 63894318 70435919 124670598 170875063 183195750 200340600 214263670 221274350 249022332
221486694 205474932
221831226
222109368 187287581
222146404
222338230 26712422 72790217 122133044 115526475 109051949 112265499 114301306 139896656 139789656 134974122 123412949 135045818 133682453 135965085 137247839 170137043 167602183 169981549 200754844 202544694 193787839 196367164 233044483 234083176
222384318 139172864 177248160 201433129 195910592 205204591 225294669 240897684 236779249 254483214 283282203 274503804
222501627 183195750
222530937 10510299 166828908 207068050 222533489
222533489 46112968 10510299 144442644 182519782 215203439 207068050 222530937
222681585 171251803 188374043
222693526
222861596 202102726 216892234 225756437
222866710 186493836
223223387
223262659 154189821 220427044 249433848
223520006
223613264 198416752
223952504 151254282
224231571 243095406 241662369 262813703 281368549 266978126
224276227 214491331
224293670 207068050
224617475
225022413 85779812 187253695 186393610 218200815
225144358
225210255
225294669 178949408 205204591 222384318 240897684
225365621 175182152 186493836 209045420 208674086 221137357 221211253 219032477 243102253 264898900 267340279
225693800 160853597 172403638 200990178 186551664 235625153 233762544 240819642
225756437 139165329 165111965 175235134 202102726 187003134 188232922 216892234 226735036 222861596 269859160 272757348
225930072
225951357
225974437
226074524
226290835 236046377 260756068
226735036 187003134 225756437 265358278
227014061 206882859
227205763 207068050 245535396 257841692
227299442 176596174 192585766 206438800 207615672 230134114 243277928 248597861 240232392 237450315 262546177 275677607
227457498
227503160
227624993 164110040 207149411 266532662
227902049
227936056 74820042
228238261 230800467 236967317 258375885 267673781
228727312 92005886 139852413 153477737 143962345 188850771 258934410
228774279 266249159
228856495 36815766 26712422 59479344 65861407 58478367 51091947 71619004 115526475 109051949 139896656 123412949 133682453 170137043 169981549 168619199 175778053 200754844 202544694 203976708
228867365 143608147 169904513
229111088
229170419 233762544 255125223
229179405 207068050
229848230 202189396 212770835 214460742 209102484 236046377 236849245
240218347
240232392 176596174 199348138 192585766 206438800 230134114 227299442 248597861 237450315
240259736
240290289
240819642 182150619 186551664 235625153 233762544 225693800
240843242
240897684 162886936 178949408 177248160 201433129 205204591 231594074 225294669 222384318 254483214 274503804
241113083 275320180
241191961 163006087
241662369 224231571
241821348 144442644 207068050
242067599 230800467 258375885 267673781
242210111
242463068
242745928 10510299 157171146 144442644 215203439 207068050
242802076
243095406 224231571 263663961 281368549 266978126
243102253 219032477 225365621 267340279
243277928 192585766 230134114 227299442 248597861
244088525
244440501
244454048 243095406 281368549
244639364 266786927
245435292
245535396 227205763
245571598
245669934 151254282
245888260 219050893
245963967 174418882 165111965 202102726 216892234 269859160 272757348
245991300 207068050
247273335
247317799 26712422 59295250 58861869 105960876 129466336 160625302 208408154
247332889
247806052
248059650 172403638 200990178 238291350 255125223
248532061 82809667 94373506 136600493 174267949 199376342 188769951 218414585 251319744 257144045
248597861 199348138 227299442 243277928 240232392 274032764
248932674 139600387
248972553
249022332 63675445 63894318 70435919 124670598 198621703 195382421 221274350 221335139
249087366 136600493 257144045
249190838
249392587
249433848 223262659
249501317 278522550
249644538
249931564
250070161
250291717
250390353
230134114 176596174 192585766 206438800 207615672 227299442 243277928 240232392 237450315 262546177 261071175
230138436 65674854 58861869
230334775
230445960 111692180 133135150 161965120 161372975 165089793 180238671 195130819 209291731 272400809
230769792
230800467 228238261 242067599 236967317 258375885 267673781
231188982 26712422 45521897 74820042
231594074 139172864 162886936 178949408 177248160 240897684 254483214 274503804
231868421 63454361 122584006 82340451 161965120 161372975 155461043 152884077 145995614 168821727 165089793 209291731 259906321
232318396
233044483 26712422 26416482 59479344 58478367 73880393 122133044 109051949 114301306 139896656 139789656 137079474 134974122 123412949 133006767 133682453 135965085 170137043 167602183 202544694 200152425 193787839 196367164 203976708 222338230
233250716
233659841 206438800 261071175
233694836 274503804
233739050 26712422 44469508
233762544 160853597 186551664 235625153 225693800 229170419 240819642
233859445 113317303
234083176 26712422 59479344 115526475 112265499 139896656 139789656 134974122 123412949 133006767 135045818 133682453 135965085 159359383 170137043 167602183 169981549 200152425 193787839 196367164 222338230 239726684
234195366 200990178
234719424 164110040 212758672 281357183 266532662
235240123 168769341
235341632
235502418
235625153 160853597 233762544 225693800 240819642
236046377 118851628 212770835 214460742 209102484 226290835 229848230 236849245
236710835 188374043
236779249 222384318 274503804
236836977
236849245 212770835 214460742 236046377 229848230
236910263 142708750 139944680 140362936 137722439 154632570 154299047 153438899 152896760 165390891 198547271 209219912 207891068
236967317 230800467 228238261 258375885 267673781
237028899 179866631 196660917 185208507 250392108 254964004
237366593
237450315 176596174 206438800 230134114 227299442 240232392 261071175
237567168 94373506 136600493 174267949 176524690 199376342 218414585 251319744 257144045
237757940 26712422 59295250 63334735 60515155 55332282 95594069 92739537 140234251 132357579 123781027 125592330 125196903
238001178
238072252 173993335
238269262 64415845 220570544
238291350 172403638 182150619 200990178 248059650 255125223
238468525
238740012
238979020 167053531 203021119 195908762 266786927
239182045
239385934
239521282
239523852
239726684 51091947 71619004 115526475 139789656 128150901 134974122 135045818 135004239 133682453 134825961 135965085 167602183 169981549 234083176
239934973 58861869
240113869 204803173 260731212 281357183
250392108 179866631 196660917 185208507 215972573 213726748 207242885 237028899 254964004
251004726 156980207
251135484
251319744 82809667 94373506 136600493 199376342 188769951 248532061 237567168 257144045
251756027 140808338 152884077 174373620 198722051 269711676
251852903
252161611
252341399 136600493 176524690
252492640
252864178 175235134
253161440 233762544 229170419 240819642 269718485
253355331
253847220 201723685 192240611
254092584
254316541 207068050
254483214 162886936 178949408 177248160 204532475 231594074 222384318 240897684 274503804
254874231
254882391
254964004 179866631 196660917 185208507 215972573 207242885 237028899 250392108
254983818 188374043
255125223 172403638 200990178 205474932 229170419 248059650 238291350
255531875
256162838
257144045 82809667 94373506 136600493 162155496 174267949 176524690 199376342 188769951 218414585 248532061 249087366 237567168 251319744 269509189 274317282
257290207 213949978
257824762 224231571 243095406 266978126
257841692 227205763
258198758 28341924 10593831 54862520 262589366 280792119
258308591
258321143
258331346
258375885 230800467 228238261 242067599 236967317 267673781
258434474
258441009
258631665
258934410 85465140 153477737 143962345 180019673 188850771 204634838 228727312
258940530
259342555 210663333 219050893 272602064
259906321 122584006 152884077 145995614 167547290 168821727 180238671 209291731 231868421
260315976
260325071
260426516
260436656
260670107
260731212 168769341 204803173 240113869 266532662
260756068 209102484 226290835 263453437
260780435
260816258 151254282
261071175 164907389 206438800 233659841 230134114 237450315
261242418
270686180
270769231 206882859
271459373 198722051 197462563
271554790 10593831 207068050
271936306 210663333
272400809 63454361 173993335 168821727 230445960
272602064 259342555
272757348 139165329 202102726 216892234 225756437 245963967
274032764 276664994
274317282 82809667 94373506 136600493 174267949 199376342 188769951 257144045 269509189 278249500
274347055 111692180 156986005 173993335 197462563 270295904
274503804 162886936 178949408 177248160 195910592 204532475 205204591 231594074 233694836 222384318 240897684 236779249 254483214 283282203
275095349
275106012
275320180 241113083
275677607 141021543 206438800 227299442
275774585
276664994 274032764
277667054 148118693 203082476
278249500 136600493 174267949 188769951 269509189 274317282
278522550 249501317
279314603
279461916
280600126
280792119 262589366 258198758
281357183 204803173 234719424 240113869 266532662
281368549 224231571 243095406 266978126
282614447
283282203 222384318 274503804
284505651
284920017
261377861 207068050
261449160
262136054
262341441
262515434
262546177 176596174 192585766 230134114 227299442
262589366 28341924 258198758 280792119
262626163
262628474
262666999
262813703 224231571
263009455
263070120 216892234 269859160
263337939
263453437 118851628 209102484 260756068
263500580
263548193
263663961 243095406 263702005 266978126
263702005 265131626 263663961
263797188
263851366 187253695
264609831
264898900 175182152 219032477 225365621 267340279
264971845 181598458
265131626 218967905 263702005 266978126
265358278 174418882 226735036
265486860
265655442
265782764 174373620 269711676
266249159 228774279
266306063
266532662 139600387 156902412 212758672 234719424 227624993 260731212 281357183
266637639
266786927 244639364 238979020
266978126 224231571 243095406 265131626 263663961 281368549
267083722
267228857
267340279 225365621 243102253 264898900
267673781 230800467 228238261 242067599 236967317 258375885
267677550
267696169
267728823
268654749
269190146 26712422 59479344 71054820 109051949 139896656 135965085 159359383 170137043
269509189 94373506 136600493 151571570 174267949 176524690 199376342 188769951 257144045 278249500 274317282
269711676 63454361 104039259 140808338 162426301 174373620 165089793 251756027 265782764
269718485 160853597 182150619 191679597 215569271
269859160 174418882 225756437 245963967 263070120
270295904 63454361 133135150 156986005 173993335 168821727 198722051 195130819 197462563 274347055
270383481 63454361 161372975 155461043 209291731
