240963380 236654802 134840490
242862114
242913831 28884975
242962917 240196075
242997693
243519412
243714563
243736253
243967919
244148624
244342692 235216044
244527346
244646297 166250797
244878187
244953231 96240694
245158850 139443839
245205465
245241047
245266089
245684795
245890727
245957834
246174789
247209326 9420519 78691382
247625612
247707145
247874843 131836983
248290692 139104723
248624451 49689382 224373242
249180000
249548173 155184285
249737941
250198020
250279141
250295807 219818041
250304545 189244189
250526955
250670347
250827782
250937772 132371093
251027486
251157417
251178406 15451008
251433442
251605396 145703520
251663835
252022863
252075735
252248551
252261295
252270430
252325341
252494092
252735615
252749310
252828138
252944941 11269646
252990766
253032051
253428884
254189153 189244189
254214091
254337061
254407460
254942046
255512242
255592038
255727552
255772687
255875885
255877346 259411455
255900021
256107630
256114389
256370338 173564129
256447894 140867872
256540098
256603639
256707665
256709679
257053776
257095413
257374853
257691647
257987731 41367041
258005797
258272425 155826398
258306946
258571525 152786697
258696877
258820406
259003299
259078336
259171303
259186833
259215539 93261450
259219206 223975503
259265070
259350755
259411455 255877346
259517229
259656287 156269252
259757778 260626066
260451884
260588260
260626066 259757778
260830067
260866367
261255554
261257579
261791699 83985522
261971054 64545285
262034956
262124456
262308201
262508232
262892809
263055483
263233525
263265512
263306834 15824459
263307145
263400757
263737657
263815434
263949911 185470955 197254399
264103015 223094372
264655093
265820600
266457368
266633252 246998853
266826872
266831979
266905108 42052863
268118361
268486717
269640620
270188582
270767865
271114523 152908345
271130192
271133602 153625402
271314305
271418432
271599218
271660406
271847897 125410275
271944647
272161855 183180372
272477703 156565776
272636670
273345252
274086740
274464639 235601475 155446957
275306746 111616958
276896406
277222253
277343745
278836001
279221880
279597099
279886336
280187769
280196146
280349571
280750245
6771330 47523966 65642284 135609253 162425988
12340666 135528565 109870451 134733751 199795871
28618779 146969881 3976373
28656477
160936148 100921804 104479880
162169632
162222042
162356214
162383905
162390485
158060831
158095603
158110726
158141102
158145968
158203817
158205055 152220866
158242751 158305434
158248084
158305434 158242751
158326524
158336301
158338764
158350245 191303831
158384713 84178570
158396021
158553888 170797902
158587201
158609782 171671542
158621683
158632028
158643416
158697466
158761903 115167536
158789764
158793783
158950010
158970151
158978424
159037606
159046710
159098020
159168018 118357463
159335912
159341549
159347502
159379226
159386564
159539212
159543338 138531320
159675795 29632021
159886406 142032147 234358274
159923101
159954434
159992152 33605185
160080969
160123365
160172851
167792986
167834233 50784901
167953093 153180194
167969040
168017851 90651065
168024035
168033015
168034847
168034906
168119926 28826045 8381105
168220835
168320125 234184693
168320450 115766921
168401856
168444919
168449205
168514667
168522719 212013454 219818041
168714674
168715336
168719285
168737433
168794188 153625402
168803098
168896552 92414064
168926583
169023488
169023666
169228296
169247674
169380323 48888012
169412866
169705964
169724679
169758575
169836379
170099475
170119672
170166186
170197769
170294004
170318367
170428706 189244189
170572662
170623235 70500715 83985522
170671647
170774820
170781619 35662434 183102635
173146585
173165691
173218122
173263564
173330574
173462609 180150344 202290774
173464167 205560393 145703520 178443519 57764282
173524986
173533346 166195001
173546672
173551463
173564129 256370338
173585459 166206860
173664722
173749926
173774692
173851042
173930854
173968221
174020011 151738204
174034700 175453080
174073092
174076829 190684367
174291964
174347269
174347291
174380308
174473875
174479750 242371515
174647937
174808783
174877098
174970431
175013644
175043667
175073093
175075276
175138364 152041991
175240279 50031150
175453080 174034700
175454663
175501846
175517816
175518982
175539161
175590741
175680218
175687397
170788742
170797902 158553888
170974455
170976944
171065150
171070641
171233970 191828743
171319086 63171774
171346227
171346886 163135453
171431280
171479515
171601936 144367046
171671542 158609782
171682311
171738734 152189526 75616398 109870451
171802567 221009151
171882074 151779363
171956306
172062727 33605185
172072828
172137518
172157493
172159045
172167030
172255464
172260158
172282497 199202687 211221219
172297017 152888031
172320430
172358985
172414388
172460749
172566120
172566606
172699971
172777095
172781190
172783285
172849584
172902755 52636262 68374230
172980930
173026914
173046399 155234645
173063819
173127601
165207775 109791998
165211822
165329813
165410479 155446957
165459090
165477297
165614253
165744072
165790056 140961392
165813587 91411164
166023670 104624189
166028662
166081705
166112257
166195001 173533346
166206860 154798758 173585459
166250797 244646297
166254084 141490271
166282442
166286528
166317778
166319231 141604260 202036258
166371539
166434176
166600449
166618431
166630300
166694341
166704220
166750950 217707374
166766102
166788935
166860048 120962846
166895630
166930458
166937575
167101227 40964956
167124561
167171242
167254330
167294885
167365360 33608849
167377695
167428441
167429225
167502374
167528020
167666300
167758316
175735614
175804265
175843354 181057478
175936425
175952578
175990311
176004035
176091992
176144005 83985522 166234429
176279278
176369595
176475207
176501431
176501636
176565405
176606995
176677289
176752270
176758534
176784589 197949377
176798234
176849207
176878077
176951491
177063636
177265927
177291986
177363380
177423243
177497188
177511687
177566955 227549487
177649810 60227758
177663122
177714967
177730028
177764417
177808067
177902914
177928430
178019100
178066799
178131842 33143362
178184330
178212906
178279887
178381228
178443519 205560393 173464167
178457786
183052615
183102635 142469246 186818960 162425988 170781619 211142430
183166185
183180372 272161855
183218814
183270180
183441710 219818041
183540326
183584346 59978625
183649341
183670689
183698364 211859991
183891152
183976045
183988608
184291918
184554618
184555097
184602401
184606382
184612514
184657983
184659176 201289996
184659779
184673209
184699185
184803930
184807486
185109682
185111343
185139409
185140544
185231571
185238960
185268670 65699164
185434967
185470955 263949911 197254399
185479654 242811071
185518465
185538085 204365692
185538748
185562801 91057629
185577430 160211784
185809267
186040992
186395153 37396729
186426228
186491925
186517389
186538191
178471855
178542338
178581874
178594918
178614107
178664260
178811335
178829275 204718051
178842181
178884228
179064042
179112779
179158660
179230821 150631166
179303084
179319099
179416203
179443916
179514499
179538749
179609273
179621961
179657817
179783608
179831408 147673877
179868366
179911499
179982618
179999788
180145213
180150344 173462609 202290774
180203443
180315947
180349037
180413405
180432593
180466040
180469109
180494813
180514747 57304188 139496758
180527577 41671290 239653005
180650564
180684374
180688739 153625402
180761792
180787799 104129796
180847160
180879212
180977390 235609900
181010601 25510745
181057478 175843354 99614170
181108807
181207269
181207824 99774570 141045926
181208269 134043665
181223358
181232911
181263781
181271067 106511695
181389521 98657316
181389924
181406052
181441517 16623578
181481878
181540385 153796981
181597886
181651596
181671087
181673756
181776766
181780737
181790124
181818991
181831287
181832348 40650477
181874924
181917769
181959834 136815361
182034600
182277688
182345020
182359828 141705075
182360608
182475386 215077958
182508014 169168183
182597063
182601694
182632925
182654577
182666278 58144062
182742210 99614170
182763167
182771685
182805510 99859429
182812854 34817865 92588686
183021809
183022400
189718619
189729239
189790556
189864449
189939637
189944065
190038046
190166898
190192205 147700191
190217152
190302923
190470813 277288483
190487617
190519902
190536649 68594344 134206775
190684367 174076829 1546226
190699243 69847358
190878508
190962778
191086689
191100961 28811961
191303831 158350245
191447695
191450419
191469485
191479768
191494267 193477011
191682401
191738596
191751563
191828743 171233970
192016755 134733751 139582509
192150886 145641838
192152076
192156339
192378798
192381737
192441627
192494891
192495903
192621494
192669753
192697972 16623578
192760282
192813816
193025541
193178708
193338060 223490524
186747554
186818960 183102635
186856590 216412178
186870015
187024025
187105988
187133525
187170124
187175408
187196103
187378135
187417440
187533228 195431264
187535079 196239819
187659788
187689686 70152665 189003048
187707444
187805582
187915022
187950487
188019757
188150162 199712091
188237889
188251964
188317619
188329190
188408134
188422658
188472530
188518693
188567758
188628415 159934351
188631109
188671589 155485934
188775861
189005555
189026618
189107392
189118084
189170824
189224434 95874380
189457443 201289996 87233182
189457894
189468185
189560917 202947507
189715348 65455937
193348705
193359613
193379924 147790747
193413595
193440740 77759818
193477011 191494267
193481046
193494887
193557330
193761675
193786551
193809691
193810801 145703520
193855543
193946443 99341453
193964886
193983656
194082354
194142926
194242319
194254930
194275524
194332908
194368232 120660287 147325633 151707628
194375927 34661053
194377101
194446421
194461978 80546861 136449666 138600941
194521198
194557623
194629542
194632317
194677195
194915481
194963361
195296987
195309201 275270776 212500130
195331382
195368477 49689382
195370077
195402972
195424873
195431264 187533228
195453280 122690358
195541405
195560628
195619545
195661736
195716537
195927150 115042288
196002216
196303244
196320741
196348981
196427946
196504394
196535634
196546525
196548452
196731217
196757251
196759644
196763280 165153497
197011693 175240279
197015374 200459489
197053896
197181913 106479265
197254399 263949911 185470955
197258517
197277797
197383834
197604871 212956476
197703831 36251389
197714374
197736421
197949377 176784589
197963919
198029119
198182385
198183952
198216612 155760295
198219405
198226505
198307115
198336462
198410750
198430488
198453880
198549466
198568931
198638523
198693598
198700862 160187776
198709472
198711465 50875142
198790461
198797092 76360234 127815104 160472740 163711342
198877822
198928032
198991843
199101966
199111086 152567249
199172774
199202687 119012252 211221219
199270908
199284853
199476551 224840097
199591481
199673161
199712091 188150162
199795871 135528565 157894180 213563148 265488529 12340666
199849051 179892057 155254452
199920877
199963827 155021472 40650477
200016567
200118990 151211223
200196867
200214516
200355728
200397213
200459489
200597177
200685559 204315046
200907359
201014048
201056494
201172148
201241919
201289996 184659176 189457443
201294955
201375441
201435068
201538106
201583081
201631688 78881477
201677778
201738842
201755599 107934339
201867157 146490592 147673877 204315046
201908861
202036258 166319231
202055588
202130719
202154403
202169468
202204058 229523599
202222384
202290774 173462609
202413428
202444700
202562747 153044524
202588393 189244189
202597645
202613935
202652933
202693012 36925758 63320459
202890283
202923102 121882780
202947507 189560917
203086545
203117423
203198645
203274132
203306791
203321834
203454122
203885186
203959856
203987164
203995184
204015208
204091677 134053681 236636269
204315046 200685559
204329754
204365692 185538085
204534883
204575359
204595001
204708052 207413012
204718051 178829275
204787710
204839913
204868915 143733663
204963207
204968297
205048826
205100268
205166104
205166141
205217780
205297405 13624989
205361261
205380586
205448080 144786099
205473136
205494518
205560393 173464167 178443519
210046062 134421776
210131629 241284935
210306037
210571330
210642486 124489964
210749216 134421776
210808572
210831981
211055960 233368854
211142430 162425988 183102635
211152246 76479011
211206375 64547353
211221219 199202687
211307886
211411453
211419326
211439149 174076829
211528034
211859991 136810187
211905740 134636681
211992806
212013454 168522719 219818041
212045421 121712402
212169448
212333941
212346383
212500130 195309201 275270776
212682466 208345413
212710415
212718182
212785947
212814222 172414388
213019104
213053303
213212908
213290451
213407326
213458371
213563148 265488529 199795871
213600748
213643728
213650317 156259334
213721696
213724647
213867454
213885505
214034237
205817722
205838769
206220967
206378248
206490591
206517425 222173745
206681956
206883590
207019572
207163711
207184789
207413012 204708052
207454775
207591977
207750527
207805540
207825356
207924483 140830822
208199654 135135193
208214397 67679976
208225420
208314400
208345413 212682466
208348720
208436783
208494493
208564030
208596644
208678390
208689860
208820491 123026723
208930273
208991723
209117335
209151352
209203693 114291113
209207548
209323086
209328021
209610155
209613712
209635703 157894180
209649340
209712282
209714120
209757223 52223551
209760617
209775898 238274778
209793316
209998264 18644251 23330349
214198502
214371647
214386632 36064433
214475508
214491661
214523570
214572521
214709384
214732236
214768051
214891817
214905637
214927084
214975805
214997173
215019937
215063022
215077958 182475386
215193767
215282980 11558634
215685642
215706230
216203076
216525828
216803908 70545192
216836022
216958375
217088543
217127081
217255314
217302216 146490592 147673877
217707374 166750950 133567124
217709588 75948368
217917344 97489728
217961661 122690358
217982626 149201528 169168183 86229092 139590172 192497257
218121171
218203831
218295812
218406365
218500183
218513607
218752289
218780580
219170263
219186584
219451765
223826766
223894797
223963039
223975503 235603524 259219206
223984015
224008548
224110103
224327434 8937077
224373242 248624451
224426330
224454831
224594541 137199127
224756029
224773091
224801659
224998911
225093612
225280817
225517884 38464383
225672254
225672621
225726708
225774701 87483801
225775847
225836963
225840262
225957045
226018158
226096252
226159845 147790747
226194139
226410520 58952975
226541155
226835669 77752169
226873927
226931331
227202554
227207270
227549487 177566955
227556821 175846317 247310513 132975762
227635255
227709937 33160611
227771858
227960999
228083214
228126758
228626996
228647467
219971444
220249383
220328290 204718051
220346325 52226071
220414511 107294440
220462221
220483546
220693383 103881393 119012252
220737687
220740009
220740936 204315046
220942488
221009151 171802567
221121146
221131997
221146872
221162624
221174367
221222329 139602032
221445662
221497449
221646096
221815308
221890169
221939712
222130186
222154975 147592489
222173745 206517425
222205923
222282361
222480532 187417440
222686961
222772574
222821869
223044084 50554964
223080389
223094372 264103015 155942962
223239264
223319446
223334573
223339478
223415707
223416836 65756460
223490524 193338060
223509245
223541293
223608910
223693214
223704176 51151906
223720937
228733338
228921025
228936096
228943592
229523599 202204058
229857426
230014084
230300706
230303269
230485896
230711991
230850427
230969006
231064893 100414134
231110798
231198718
231231203 252735615 134231659
231591577 18462153
231876099
231956798
231998063 175846317
232060682
232430029
232746878
232840681
233129715
233368854 211055960
233511871 111857593
233521886
233602433 60482011
234184693 154071334 168320125
234199013
234215717
234768332
234972434
235216044 244342692 36251389
235460930
235499375
235601475 274464639
235603524 223975503
235609900 180977390
235655164
235765642
236303409
236540980
236754834
236897402
236951617 120169404
237148229
237181460 112825547
237244825
237317152
237332169
237394546
237421593
237449149
237597583
237788372
237841203
237886017
237936061
237941766
238133025 83963787
238191904
238234363
238696075
238830873
239021042
239046408
239118162
239123393
239137545
239235421 144488323
239240178
239266055
239427958
239653005 180527577
239659518
239894986
240020879
240196075 242962917
240254532
240353621
240553273
240620162
240675370
241008892
241093442
241136721
241153737
241161122 211528034
241258785
241284935 210131629
241324001
241326188
241346156
241355443
241673301
241733070
241791496
242288766
242371515 174479750
242486022
242516157
242764679
242811071 185479654
7149108
7176093
7226911
7291978
7641581
7667717 22084403
7809420
7867702 6273496 3687079
7996818
8022347
8064708
8082045
8092678 64545285
8096282
8109360
8112653
8238904
8241551 9927919
8381105 168119926
8435708 151518487
8536890
8648704
8660065 224840097
8712350 51022161
8728238
8732199
8791120
8804905
8854561
8856191
8937077 224327434
8989528
9018722
9116447 12124040
9302967
9316164
9323415
9420519 247209326 78691382 138566968
9458030
9673500
9727274
9843729 40451482 66562507
9888808
9889160
9927919 8241551
10020897
10117603
10150278 34094401
10152652
10176990
3541253
3577153
3611185 61537989
3627698
3687079 7867702
3716581
3752802
3777928
3857076
3976373 28618779
4055910
4067414 53403371
4067793
4108469
4180394
4200505
4227228
4438264
4440554
4459097
4540718
4605044
4650432 52570633
4690789
4705133
4734140
4741440
4885388
4909945
5050565 12019724 146819380
5059264
5280790 34661053
5296690 1145535
5325007
5367265
5566440
5740298
5896843 153796981 111492575
6045040
6047020
6266462
6273496 7867702
6393048
6684751
6882466
6889549
6919371
6951321
7142964 153382246
193985
228842
247232
343645
389083
539256
677513
855374
1022704
1145535 5296690
1198624
1310081
1324291
1327761
1380579
1484250
1534869
1546226 190684367
1627165 1852963
1637320
1710822
1725875
1762903 26811672
1817735
1852963 1627165
1900896
2028690
2055556
2070629
2098183
2102447
2137581
2209407
2278123
2445965
2469705
2484474
2554919
2959202
3063192
3208964
3234006
3238578
3295080 24945974
3297389
3314960
3381056
3395510
3428713
3512296
10226345
10293375 12715479
10382590
10447019
10500138
10598418
10827487
10927316
11004225
11087614
11175207
11183639
11259501
11269646 252944941
11287632
11295224
11302601
11390843 31207058
11558634 215282980
11621111
11657502 15572668 50523179 135941175
11798304
11824724
11826747
11849551
12019724 5050565 47523966
12037474
12124040 9116447
12214633
12249980 151810106
12287240
12332445
12357279 39585429
12399760
12462690
12492595
12496012
12512333
12546435 17975048
12549727
12606415 145703520
12675986
12695822
12715479 10293375
12839102
12939161
12994344
13108561
13122455
18324142
18345277
18401865
18408558
18456362
18462153 231591577
18472584
18610162
18644251 209998264
18691127 138126055
18720501
18746526
18797797 154798758
18801834
18844755 151929288
18849426 141653481
18851978
18907620 39106823
18928149
19050161 19238334 23670906 147957626
19120617
19127895
19140244
19153247
19188166
19197087
19218330 22811557
19238334 19050161 23670906
19320796
19399399
19424248
19464278
19518376
19610768
19666043 95630571
19737072
19906005 97567260
19937661
20078434
20087288
20102911
20130236
20244488
20382869
20461442
20467431
20480415 138115989
20574798
20590612
20811433 65455937
20816147
20821643
21009905
21069621
21224605
21263776 73682172
21263897
21283638
21434235
21509095
21515156 135322070
21618486
21796032 46355425
21799932 247625612
21824094
21844650 144977801
21856216
21875520
21895682 22824944 121673695
21912917 80877587
22008427 47523966
22037794
22084403 7667717
22106587 22236126
22163746
22182144
22199021
22232695
22236126
22248801
22325628
22581136
22616359
22652984
22721235
22727243
22731986
22740900
22741581
22811557 19218330
22824944 21895682
22916429
23011895
23146918
23168842
23172631
23330349 209998264
23367112 26055321
23562976
23670906 19238334 19050161
13272588
13272883
13335662
13542824
13550105 15536090
13586106
13611800
13624989 205297405 130642585
13656112
13814194
13853142
14015445
14059248
14207484
14263194 143679303
14299500
14460822
14470668
14512145
14513163
14577143
14626278
14734172
14742515
14745040
14759262 57571336
14781443
14813999
14834654
14902609
15177545
15185540
15201765
15208118
15321019
15387438
15411800
15451008 251178406 15929271
15536090 13550105
15572668 11657502
15676705
15689655
15700471
15763248
15785621
15803157
15824459 263306834
15832972
15894547 124489964
15929271 15451008
15935610
15949010 48322275
15949725
15976696
16119858
16137674
16177079
16191028
16214018
16255054 38052269
16259248
16463870 59392078
16471122
16491579
16526077
16550359
16623578 52817353 181441517
16634479 104996997 218752289
16643519
16677295
16753007
16781977
16901002
16903017 147648762
17035744
17083112
17136966
17179505 86425435
17353464
17373189
17423168
17435026
17474628
17491178
17526519
17588197
17618114
17753644
17843718 119473906
17884856
17975048 27476445
18084107
18100445
18109709
18143057
18163040
18182405
18247408
18254780
18266624
23675106
23680967 64227461
23718583 87483801
23724821
23729800 28043253
23776428
23787455
23914918
23966420
24072170
24112612
24299166 103657247 137804620
24337887
24378780
24416004 85314501 102681876
24420157
24534408
24565900
24632724
24683329
24697843 34644895 52226071 71652530
24811463
24900503 115540651
24945974 3295080
24948496
25029287
25044653
25068169
25074261
25084576 133312220
25116753
25381448
25489556 136366592 132712327
25510745 181010601
25568078
25618987 46360076
25642415 27535115
25808795
25814218
25911765 101795853
26055321 23367112
26063090 66644956
26105639
26160589
26216331
26369193
26379341
26504240
26585301
26668845 66463825
26742902
26811672 1762903
26817529
26921598
27044759 101262635
27085919
27106357
27159602 122490573
27176333
27229521 89952363
27264783
27334006
27414004
27415517 132185187
27448950
27476445
27487191
27529474 43138392
27535115 25642415
27774432 120582221
27801168
27833640
27872454
27953879
28010772
28043253 23729800
28078686
28140550
28185992
28276397
28299674
28314733
28315782
28503839
28546726 151518487
28663381
28688205
28722789
28739834
28786618
28810055
28811961 191100961
28826045 168119926
28830475 61196396
28884975 242913831
28992381 140164838
29270347 39422293 138061978
29285106
29393652
29456048 148393525
29579110
29631361
29632021 159675795
29666546
29829540
29845974
30138858 11558634
30227249
30239497 160655791
30375438
30524156 40782336
30551758
30624713
30727767
30784074 40650477 48899733 51490178 69964295 70813220
30807151
30878329
31033780
31041569
31207058 11390843 93428146
31217806
31247207
31309534
31379731
31423525
31461816
31485924
31511405
31551088
31639683
31642717
31936780
32077413
32098850
32136562
32262146
32267466 224840097 153724335
32340549 73288875
32350076
32364934
32413584
32483840
32568065
32598076
32613854
32654935
32902460
32962704
33143362 213981830 160614547 178131842 224362523
33160611 227709937
33167346
33272995 142002310
33330402
33359647
33467210
33605185 172062727 136680374 159992152
33608849 167365360
33617765 224840097
33649807
33785800
33786708
33817586 90469108
33849735
33994427 102378107
34094401 10150278
34104041
34120242
34135558
34158201
34194088
34238013
34263722
34317825
34355636
34461476
34513939
34549584
34550945 37030605 91602472 117523170
34579356
34644895 151009086 164411047 188194953 24697843 38052269 37768652 71652530 71992310 114291113 132865317 164424571 196241499
34661053 194375927 5280790
34758797
34768662
34784971
34798039
34817865 182812854
34838124
34861237
34907123
34940269
35039580
35070328
35383791 135879864 156025224
35486150
35511490
35541840
35570729
35662434 170781619
42083318
42183885
42233654 145656210
42290495 88206880
42367910 152189526
42616683 124225724
42621406
42623274
42643792 62010961 152071108
42644211
42647128
42736920
42919083
42948124
42965563
43029910
43113891
43138392 27529474
43223802
43261162
43280774
43291664 99614170
43300715 138442335
43386488
43574279
43669745
43679708
43752753
43753633 152908345 133961420
43909155
43910215
44120616
44131507
44187025
44188304
44348028
44374409 51664060
44563437
44601907
44722007
44736238
44780117
44803327
44804426
44902051
44929619
44957726
45155768
45161505
45168397
35799605 71577099
36064433 214386632
36081098
36132966 136291573
36167068 39422293
36232999
36239853
36251389 197703831 235216044
36285859 108733352
36475364
36530598
36532007 54329341
36627188 51823612
36641466 132208560
36659910 125836089
36673848
36708973 143247912
36717443
36868126
36896962 164490814
36904950
36925758 202693012 61850256 136011197
36941732 145390719
37030605 34550945 91602472
37112858 153682084
37293972
37323287
37365598 126089235
37396729 186395153
37598929
37654391 47523966
37765881
37768652 34644895 38158929
38052269 16255054 34644895 83985522 135408082 196241499
38158929 37768652
38204437
38310112
38435763
38464383 225517884
38524652
38544794 87690356
38548860
38630429
38690290
38693062 90041806
38781780
38825163 224840097 160655791
38844603
38859480
38906176
38939293
39106823 18907620
39192734
39358090
39422293 29270347 36167068
39470971 135609253
39474429
39488278
39585168
39585429 12357279 63785338 164424571
39604938
39722873
39745072
40019506
40038085
40340594
40376627
40416271
40427735
40451482 108100463 156029693 9843729
40481554
40589664 237936061
40650477 181832348 199963827 30784074 46531936 48899733 51490178 69964295 70813220
40696693
40719506
40782336 30524156
40783376
40828166 50477671 45762134
40866695
40902836 157027765
40939851
40964956 167101227
40969635
41053191 135047728 156186652
41088307
41360765
41367041 257987731
41434067
41654316
41671290 180527577
41674288
41720394
41788391
41823766
41837338 72483127
41860295
41860740
41906547 68616677 111857593
42013021
42052863 145821503 266905108
45210145
45310102 120982491
45375330
45477996
45519731
45686747
45697820
45762134 40828166
45809144
45979778
45987359
46008545
46039063 77759818 119932340
46165736
46185262 73208816
46195095
46260603
46300959 49602588
46305081
46352966
46355425 21796032
46360076 25618987
46531936 40650477
46772647
46906669
47032529
47047006
47246076
47316045
47410145
47523966 141016012 12019724 37654391 65642284 83352160 162425988 6771330
47616516
48017619 78911191 86852675
48218179
48234260
48322275 15949010
48397906 55744359
48525986 145703520 146415045
48704576
48808259
48888012 169380323
48899733 30784074 40650477 51490178 69964295 70813220
48913138
49026159
49079453
49359645
49471625 114039216
49494646
49530472
49574193
52013658
52223551 209757223
52226071 24697843 153958306 220346325
52390659
52399943
52413705 137618777
52464561
52570633 4650432
52636262 152908345 154543610 75616398 132298481 133961420 172902755
52655735
52663306
52666827 155446957
52687847
52817353 16623578
53061432
53122381
53194734
53246762
53403371 4067414
53450264
53509958
53652407
53695802 119754916
53725363
53748929 164779338
53802424
53816997 147604880
53824938
53875013
54059312 126258020
54240762
54245983 60482011
54295245
54296592
54329341 36532007
54364044
54386024 137771700
54398305
54443452
54455051
54477413
54592323
54674454
54677626 131438036
54705075
54767384
54963375
55061692
55172351
55173768
49590828 135043785
49602588 46300959
49689382 248624451 156186652 195368477
49701912
49718445
50031150 175240279
50049785
50066488
50143234
50165240
50341646
50396767
50477671 40828166
50477918
50513667
50523179 11657502
50554022 137009304
50554964 223044084
50567636
50583013
50585678
50641534
50649222
50784901 167834233
50854416
50875142 198711465
50887336 224840097
50911137
50925800
50937182
50973296
51022161 8712350
51138614
51147820 57764282
51151906 223704176
51226216 131618471
51250700
51332239
51490178 30784074 40650477 48899733 69964295 70813220
51531663
51578064
51651266
51664060 44374409
51664064 137390448
51715988 64657640
51752288
51823612
51919530 61557787 81546453 154463566
51976727
52002292 92414064 95874380
58570805
58615675
58623257
58681918
58872718
58895621
58914924
58952975 226410520
59105391
59129052 77367030
59195029 77912152
59249447
59291075
59303290
59376286
59379729
59382566
59392078 16463870
59399277
59475288
59500780
59620584 155239478
59978625 183584346
59986074 151756109
60050848
60062606
60077704
60118399 136673268
60151892
60172931
60227758 143983222 177649810
60266651
60458547
60480287
60482011 233602433 54245983
60543501
60628874 68392310
60655609
60684620
60718193
60854863
61001767
61057991
61159548 149038766
61191449 179892057
61196396 28830475
61251165
61360114
61490027
61537989 3611185
55304266
55523538
55603972
55744359 151496173 48397906
55800445
55843204
55864426
55872672
55897476
55934513 102522143
56036542 134024986 133973674
56065292
56101068
56156854
56166467
56431270
56455702 146503198
56494583
56657737
56780048
57071097
57134815
57298083
57304188 139496758 180514747
57331490 57727892
57356014
57440120
57547688 79820593
57571336 14759262
57727892 57331490
57747365 135626113
57764282 173464167 51147820
57797778
58054586 120026043
58124233
58144062 182666278
58167329 76553623
58182248
58187820
58200907
58217567
58247198
58270204
58284470
58313166 77367030
58317623
58388452
58421512
58497736 138893891
58556875
64545285 261971054 8092678
64547353 211206375
64565878
64657640 51715988
64796914
64889769
65081994
65117171
65133152
65179982
65290605 77367030
65399869
65423531
65455937 153485982 189715348 20811433
65499050
65540686
65559167
65642284 47523966 90631581 6771330
65654873
65699164 79987136
65727321
65729121 71113574
65733117 92465935 141276584 155694276
65756460 223416836
65780190
65874287
66021980
66278253
66386326
66463825 26668845
66542967
66562507 9843729
66640670
66644956 26063090
66710252 114286043
66714031
66720999 115766921
66729576
66796003
66823741 196239819 258832951 188648910
66879818
67016689
67021627
67249628
67316553
67368146
67375351
67420678
67429924
67542639
61557787 51919530 154463566
61603922
61663213 104886701
61671112
61769886
61771937
61840505
61850256 36925758
61874420
62010961 42643792 144220425
62057248
62140032
62237407 77367030
62255041
62316033
62373795
62445712
62446715
62485803
62504789
62580434
62590325
62673882
62730884
62781480
62848070
62924297
62946975
63171774 171319086
63199468
63320459 202693012
63429831
63502783
63617399
63650798
63722893
63785338 39585429
63852657
63914020
63939017
63980412
64049126
64119473
64217529
64227461 23680967 160892844
64233677 136366592
64284973
64445596
64487450
64527889 136449666
70813220 30784074 40650477 48899733 51490178 69964295
70814960
70850198
71075256 118684704
71113574 65729121
71174767
71277747
71317630
71364743
71461461
71486346
71577099 35799605
71608024
71651447
71652530 24697843 34644895
71675449
71685046 123468957
71778341
71860647
71956937
71992310 34644895
72119171
72166951
72171993
72174983
72187154
72202221
72316509
72370761
72386196
72444370
72483127 41837338
72490618
72765607
72774748
72833590
72914154
72950780 136844960
72962166
73103424
73198429
73208816 46185262
73212411
73242778 46305081
73259190
73278112 95512498
73288875 32340549
73361158
73408576
73461697
67679976 208214397 3314960
67791815
67810717
67932164
67965503
68021730
68053365
68100931
68126868
68208622
68355708
68374230 137486859 172902755
68392310 60628874
68420466
68472277
68475302
68583536
68593868
68594344 190536649 134206775 144297391
68616677 41906547
68637154
68746189 144715211
68746605
68823514
68906305
68937635
68952864
69073896 145414362
69266551
69304299
69333376 119094748
69397127
69697020
69759559
69847358
69919520
69964295 30784074 40650477 48899733 51490178 70813220
69975029
70152665 187689686 189003048
70174199
70277905
70296223
70453296
70500715 145703520 170623235
70502555
70545192 216803908
70547538
70746615
70794345
70804877
81866799
81869966
81959684
82116632
82357142
82384714
82413681 92414064 95874380
82515594
82560661
82591400
82640971
82652211
83054951 89819621 148511081
83102525
83106698
83145793 136070372
83214322
83352160 141884252 47523966
83392710
83407243
83447433
83499289
83758408
83817217
83963787 238133025
83967287
83985522 145703520 170623235 176144005 261791699 38052269 114291113 146415045 196241499
84067971
84167374 95624257
84178570 158384713
84270831
84356785
84512252
84554151
84682992
84851842
84897279 156629730
85021081
85154973
85165645
85193201
85312305
85314501 24416004
85409578
85528866
85584084
85703655
85740824
85752289
85795640
77805281
77824389 145597179
77871923
77912152 59195029 97297227
77938751
77947337
78034380
78079076
78295842
78329060
78659706
78669914
78691382 9420519
78764428
78881477 201631688
78882926
78906926
78911191 48017619
79073995
79125839
79179838
79185436 152786697 203126500 161826730
79250623
79294176
79329254
79412285
79655940
79661192 163830880
79725478 160187776 216412178
79737832 119484596
79804275
79820593 57547688
79860843
79987136 65699164
80195278
80280391
80457661
80546861 194461978 136449666 138600941
80556825
80587372
80744788 138409181
80837305
80877587 21912917
80881554
81535061
81546453 51919530 61557787
81697858
81784489
81804565
81817924
73482309
73574114
73581346
73618155
73682172 21263776
73752047
73894437
73927772
74228156
74262503
74398200
74661395
74818718
74869869
75005033
75123880
75190675
75286373
75288335
75322235
75452551
75491286 107698818
75604652
75616398 152189526 171738734 52636262 97645836
75675220
75786851 88995821
75791821
75948368 217709588
75972807
76042738 122690358
76140690
76265957
76360234 127815104 160472740 163711342 198797092
76479011
76534336
76553623 58167329
76808076
76838465 133252121
77179501
77188197
77224579
77299583
77367030 58313166 65290605
77519274
77572083
77681092
77735137
77752169 105784345 226835669
77756211
77759818 152041991 46039063 193440740
85870103
85871266
86014183
86021612
86121736
86134683
86181153
86221393
86229092 217982626
86312450
86365872
86425435 17179505
86562744 139207327
86700834
86747111
86753148
86770504
86852675 48017619
86879487 151024504
87024753
87029911
87047288
87084154
87164934
87233182 89711186 189457443
87234150 88211091
87287437
87333748
87459775
87483801 23718583
87505090
87535599
87615174
87690356 38544794 131651692
87727147
87804008 167980847 134710743 151633723
87849600
88083057 250198020
88087946
88206880 42290495
88211091 87234150
88281193
88352466
88465001
88477039
88569538
88569723
88714666
88742366
88753645
91146698
91250481
91255345 155116812
91411164 165813587
91548465
91585164
91602472 34550945 37030605
91714303
91720036
91868005
91880627
91986790
92082869
92086740
92139808
92189720
92276794
92392016
92414064 168896552 52002292 82413681 95874380 155671187
92465935 65733117 142032147
92499752
92528793
92530090
92588686 182812854
92617357
92685812
92723876
92742521 156029693
92815798
92887126 153625402
92911784
92934473 135879864
93028183
93034347
93056233 121062201
93071019
93075589
93260828
93261450 259215539
93428146 31207058
93584999 140506363
93607006 126397986
93683559
93851910
94079358
94089024
94194815
94233861 141653481
94350442
94399645
97253393
97297227 77912152
97489728 152568156 217917344
97567260 19906005
97577570
97583858
97604765
97645836 75616398
97649240
97691738
97817516
97827202
97848206
97894936 153607718
97965201
97968316
97986780
97995490
98037583
98116182
98232516
98281643
98284469
98313259
98366650
98557110
98612512
98623843 94400345
98639436
98657316 181389521
98661647
98783757 68594344
99003081
99056239
99136019
99183615
99341453 193946443
99464282
99499483
99514558
99541561
99614170 181057478 43291664 182742210
99725317 138053526
99774570 181207824
99782247
99859429 182805510
99867553 100371317
99906644
100115677 64565878
100152899
88761735 130297600
88765552
88772726
88804672
88834462 118684704
88897643
88995821 75786851
89104796
89139692
89163076
89192513
89254324
89280923
89364223
89374937
89443945
89480851
89693065
89694135 138115989
89711186
89753046
89767520
89769953
89778301
89819621 148511081
89835479
89872107
89873809
89910684
89952363 27229521
90041806 38693062
90049651
90071762
90176164
90275280
90320217
90385001
90469108 33817586
90482518
90535869
90623044 143766457
90631581 65642284
90651065 168017851
90758882
90884382
90894822
91057629 185562801
91094392
91094904
91102268
94400345 98623843
94522514
94567040 208314400
94721359
94730725
94941088 138794117
94951607
95091178
95101987
95163241
95205284 119754916
95218323
95310366
95404039
95512498 73278112 139618573
95522345
95532672
95586658
95621747
95624257 84167374
95630571 19666043
95641965
95711349
95783765
95874380 52002292 82413681 92414064 189224434
95908202
95925235
95948897
96037904
96119030
96240694 244953231
96372802 151112910
96453639 114291113
96461193
96481173
96492844
96509500
96518695
96568956 108733352
96617085
96651649 115653991
96663245
96708717
96826930
96829461
96926730 250279141
97018101
97088981
97225822 108536650
97235771
111448374
111492575 5896843
111599551
111612785
111616958 275306746
111630673
111635490
111857593 41906547 163790329
112142437
112221382
112330841 152888031
112682171 150308192
112740681 131912360
112753003
112825547 237181460
112834176
112846091
112868886
112912025
112973989
113125818
113335180
113396978 69847358
113511030
113524654
113590623
113946534
113978830 134840490
114039216 49471625
114118774 137991340
114145364
114176175
114202941
114237637
114238929
114286043 66710252
114291113 209203693 145703520 174304127 188194953 34644895 83985522 96453639 123836808 146415045 150680533 159934351 166234429 215594192
114447931 179892057 139144722 155254452
114474154 161847076
114649045
114662540 62255041
114795497 104507489 153821539
114901616 100414134
114944817 138893891
115042288 195927150
115144928
115167536 158761903
115523489 172651446
115540651 24900503
115540846
103099372
103115665
103123215
103135316
103193499 144888748
103497190
103657247 24299166
103703809
103705369
103818543
103852618
103853769 124236381
103881393 119012252 220693383
103884362
103980045
104011998
104104835
104129796 180787799
104376650
104392636 19666043
104479880 100921804 160936148
104507489 114795497
104624189 166023670
104706513
104713704
104767220
104886701 61663213
104952150 128063498
104996997
105019336
105089895
105215586
105356023
105409282
105565404
105703848 142081603
105771337
105784345 77752169
105803876 135304354
105811620
105858657
105905379
106061164
106162421
106226789
106322127
106479265 197181913
106511695 181271067
106615609
106786608
100229842
100340567
100371317 99867553
100390967
100414134 114901616 231064893
100445142
100572905
100644614
100647420
100672607
100686337
100723678
100762146 118414241
100772679
100774144
100836807
100921804 104479880 118223336 160936148
101042302
101262635 27044759
101393157 172102354
101412034
101460903
101506520
101573383
101578955
101779970
101795853 25911765
101853805
101894755
101896597
101915542
101934988
102054645
102077269
102121733
102326848
102378107 33994427
102483101
102489121
102522143 55934513
102624860
102634330
102660015
102681876 24416004
102698544 213168139
102721220
102748156
102866635
102920236 159886406
103079287
106845832
106967435 109468556 125682114 136431756
107098844
107252680
107294440 220414511
107298551
107698818 75491286
107710580
107736346
107775328
107881857
107934339 201755599
107951913 231110798
107951988
107964957
107996084
108100463 40451482
108241513
108433232
108536650 97225822
108733352 36285859 96568956
108884168
108886255
109067461 78764428
109172065
109255638
109468556 106967435 125682114
109539270
109549748
109685556
109791998 165207775
109870451 152189526 171738734 12340666 134733751
109983544
109995494
110037652
110186277
110340925
110350952
110394874 120970452
110515089
110575223
110616863
110846184 127450042
110907564
110956848
111146299
111188983
111212204
111349704
111395422
115653991
115766921 168320450 66720999
115770381
115805740
115977680
116034977
116050743
116166791 24299166
116170191
116312495
116404223 156554188
116546316
116563423
116817365
116909146
116919960
117056043
117188432 129633379
117459967 151030712 276354443
117523170 34550945
117589080
117953796
117960513
118199641
118210796
118223336 100921804
118356703
118357463 159168018
118409142
118414241 100762146
118427037
118468945 141299585
118592841
118684704 71075256 88834462
118753583
118795138 137142963
118972771 64049126
118999588
119012252 199202687 103881393 220693383
119094748 69333376
119166471
119295917
119428438
119443911 120271365
119473906 17843718
119484596 79737832
119544729
119560462
119655193
119754916 53695802 95205284
122490573 27159602
122581155
122690358 76042738 217961661
122710198
122849559 144955763
122994855
123026723 208820491
123112202 135582160
123371676
123401042
123468957 71685046
123514087
123528677 144297391
123566977
123618374
123642093 140980861
123695953
123836808 188194953 114291113 146415045 166234429
123988510
124089448
124103448
124225724 42616683
124236381 103853769
124411180
124489964 15894547 210642486
124635964
124702044
124771813
124879084
125271463
125392344
125410275 271847897
125430574
125591981
125632570
125682114 106967435 109468556
125836089 36659910
125855237
125874522
125920444
125920975
126028609 150823991
126089235 37365598
126168915
126218716
126258020 54059312
126287660
126291407
126299012
126303627
119764646
119782463
119796854
119850435 144786099
119897857
119932340 46039063
120008292 141309137
120026043 58054586
120060922
120169404 236951617
120271365 119443911
120284526
120454424
120494742 145703520 146415045
120582221 27774432
120600286
120603629
120660287 147325633 151707628
120684695
120712116
120790862
120822222
120906975
120927372 138061978
120962846 166860048
120970452 110394874
120982491
120989146 137573560
121062201 93056233
121082363
121118730
121126195
121170557
121178243
121270240
121673695 21895682
121712402 212045421
121747964
121853403
121882780 202923102
121902328
121909794
121921515
122010684
122026689
122163843
122202291
122203653
122247494
122365476
126339637
126397986 93607006
126633898 149435890
126693979
126731422 133801671
126783144
126807549
127021583 143983222 157082072
127325371
127372223
127403932
127425585
127450042 110846184
127464520
127686504
127815104 253902783 76360234 148022012 163711342 198797092
127994312
128063498 104952150
128084655
128109130
128321715 148033607
128566977
128582304
128926981
129155456
129558747
129578486 132657394 152485890
129633379 117188432
129882123
130297600 88761735 151738204
130478787
130606336
130642585 13624989
130683652
130853711
131025290
131043048
131341329
131438036 54677626
131618471
131630324
131651692
131670079
131721270
131744966
131755680
131793757 181459257
131794524
131796956
131836983 247874843
131880611
131898053
131905164
131912360 112740681
131917830
131927068
132039603
132042569
132131964
132145509
132155782
132176694
132185187 27415517
132208560 36641466
132215352
132230561
132292852
132298481 52636262
132351412
132366700
132371093 172640916 250937772
132487829
132504013
132504665 141884252 133411550
132557362
132566585
132569573
132585631
132641986
132657394 136431831 129578486 152485890
132712327 136366592 25489556
132722581 145703520
132743158
132748030
132815077
132865317 34644895
132878512
132913186
132975762 175846317 227556821
133024085
133038522
133045387
133061249
133098453
133252121
133296777
133299710
133312220 25084576
133398087
133410857
133411550 132504665 146415045
133455810
133462359 136274331
133462720
133468278 160842260
133471242
133525756
133533815
133547620
133567124 217707374
133572007
133632504
133661806 158063796
133739241
133801671 126731422
133825143
133831107
133844227
133910859
133913115
133947721
133961420 152908345 276403855 43753633 52636262
133973674 56036542
133975625
133991918
134012906
134024986 56036542
134043665 181208269
134050269
134053681 243620875 204091677
134190713
134202512
134206775 190536649 68594344
134230828
134231659
134250733
134281634 133098453
134282565
134374789
134421776 210749216
134438281 145597179
134459650
134519020
134520250
134563308
134599405
134636681 211905740
134710743 167980847 87804008
134733751 135528565 152189526 12340666 109870451 192016755
134754053
135879864 35383791 92934473
135886224
135895727
135913193
135920446
135941175 11657502
135946871
135965650
135983431
136006370
136011197 36925758
136031238
136070372 83145793
136074979
136091508 141016012
136114906
136150978
136153669
136166497
136167715
136184019
136197660
136201153
136206092
136219941
136222216
136263497
136274331 133462359
136291573 139587688 181459257
136298025
136315474
136366592 25489556 64233677 132712327
136383027
136431756 106967435
136431831 132657394
136449666 194461978 64527889 80546861
136511603
136514793
136534698
136583422
136599903
136638610
136661952
136669759
136673268 60118399
136680374 33605185
136718539
136766859
136810187 211859991 255772687
136815361 181959834
134759496
134762064
134805472
134819032
134831959
134839536
134840490 236654802 113978830 240963380
134855261 149201528
134889210
134916388
134923633
134939457
134973013 138814458
135005942
135043785 49590828
135047728 41053191
135113037
135117966
135135193 279614229 160895883
135135966
135156317
135205719
135220852
135247330
135285064
135304354 105803876
135322070 21515156
135335553
135347101
135360894 246998853
135365997
135408082 38052269
135467612
135528565 12340666 134733751 139582509 199795871
135536259
135550297
135562742
135582160 156134857 123112202
135601295
135609253 39470971 6771330
135626113 57747365
135631960
135635973
135663261 135767734
135697660
135715930
135767734 135663261
135773891
135817007
135820113
138041627
138051305
138053526 99725317 238274778
138054258
138061978 120927372 29270347
138100568
138110576
138115989 20480415
138124133
138126055 18691127
138137621
138145725
138147749
138221406
138251919
138294453
138308427 214475508
138317017
138409181 80744788
138442076
138442335 43300715
138531320 159543338
138533045
138562599 174140836 156521508
138566968 9420519
138584327 137533165 155767733
138584362
138589094
138600941 194461978 80546861
138708755
138716311
138723393
138724009
138794117 94941088
138803496
138814458 134973013
138827712
138884707
138893891 58497736 114944817
138948397
138961706
138986526
139038676
139063559 147077715
139104723
139144722 114447931
139158753
139174575
139175106
139207327 86562744
139220503 234358274
139255960
139276534
139298247 161075511
139311554
139314489
139327862 189003048
139414370
139421597
139443839 245158850
139450174
139489976
139496758 57304188 180514747
139511683
139516215
139535327
139565191
139582509 135528565 152189526 144367046 192016755
139587688 136291573
139590172 149201528 169168183 217982626
139602032 221222329
139618573 95512498 146455700
139641422
139665301
139715823
139725680
139776672
139911501
139925167 83985522
139975287
139979557
140022259
140054076
140073965
140100013
140117705
140127357
140164838 28992381
140221911
140244015
140262674
140286503
140443646
140446522
140506363 93584999 141114133
140637956
140642010
140830822 207924483
140847817
140859345
140867872 256447894
140868598
140932391
140937787
140961392 165790056
140980861 123642093
141016012 47523966 136091508 143983222
141036276
141045926 181207824
141114133 140506363
141135997 160744402
141194176
141276584 65733117
141299585 118468945
141309137 120008292
141326434
141340621
141359441
141465229
141490271 166254084
141551837
141560032
141564411
141604260 166319231
141653481 18849426 94233861
141669963
141674544
141705075 182359828
141714042
141780604
141830217
141872330
141884252 83352160 132504665 161036747
141905510
141995911
142002310 33272995
142026503
142032147 145703520 92465935 159886406
142081603 105703848
142167268
142200201
142246471
142259357
142336311
142348498
142404650
142469246 145703520 162425988 183102635
142502121
142503189
142523875
136837248
136844960 72950780
136857580
136886911 147296756
136950997
137002158
137009304 50554022
137026777
137114826
137118129
137125215
137131161
137138939 49359645 121126195
137142963 118795138
137199127
137267153
137271546
137272256
137301865 92530090
137335941
137339818
137390448 51664064
137449067
137486859 68374230
137508563
137533165 155767733 138584327
137573560 120989146
137584557
137618777
137631883
137638577
137671030
137731272
137760422 54245983
137762858
137771700 54386024
137804620 24299166
137833681
137851773
137854416
137855529
137870618
137916271
137927406
137948989
137975575
137976657
137991085
137991340 114118774
138022295
144488323
144543543
144635857
144715211
144733853
144754997
144786099 119850435
144786878
144787684
144797146
144888748 103193499
144955763 122849559
144977229
144977801 21844650
145034133
145078590
145097887
145122053 223509245
145155526
145261101
145362222
145390719 36941732
145408813
145414362 69073896
145417827
145484255 278998735
145487880
145505247
145555025
145565884
145597179 77824389 134438281
145641838 192150886
145656210
145703520 142469246 173464167 12606415 48525986 70500715 83985522 114291113 132722581 142032147 146819380 146415045 155782982
145722811
145724367
145731542
145766351
145781616
145790688 147050640
145800116
145821503 42052863
145824729
145828030 152077735 154086929
145828297
145883976 168034847
145893599 146415045 159934351
145935804
145955705
145973212
146172723
146178743
146247784
146251461
146293876
146322805
146330534
146341023
146379023
146415045 145893599 145703520 157894180 188194953 48525986 83985522 114291113 120494742 123836808 133411550 155782982 159934351 166234429 215594192
146434768
146455700 139618573
146487382
146490592 147673877
146503198 56455702
146582107
146607041
146703361 163780097
146733709
146764008
146813169
146819380 145703520 5050565
146826520
146834985 220483546
146906305
146953926
146969881 28618779
146986484
147026616
147039683
147050640 145790688
147077715 139063559
147119420
147135651
147140560
147168996
147173465 155671187
147227277
147228180
147296756 136886911
147306522 154515522 156269252
147325633 120660287 151707628
147520989 37030605
147522312
147551167
147592489 222154975
147604880 53816997
147631515
147648762 16903017
147653372
147673877 146490592
147700191 190192205
147707234
147716242
147790747 226159845
147807757
147912555 241258785
147912867
147941293
147957626 19050161
148022012 127815104
148033607 128321715
148073743
148115630
148126989
148152681
148168014
148250887
148284123
148297938
148329204
148338341
148343675
148393525 29456048
148511081 89819621
148520641
148548160
148633375
148659313
148693616
149038766 61159548
149152582
149201528 134855261 139590172 192497257 217982626
149431913
149435890 126633898
150076529
150287957
150308192 112682171
150360216
150442674
150501278
150510520
150514414
150516784
150527082
150631166 179230821
150655664
150659033
150680533 114291113
150708381
142608634
142643076
142648444
142680992
142691660
142711361
142801871
142867596
142908115
142933906
142949701
142958508
143012661
143057552
143076916
143097105
143131797
143198833
143200511
143247912 36708973
143292933
143317438
143371514
143499452
143505067
143669412
143679303 14263194
143725816
143733663 204868915
143750423
143766457 90623044
143825226
143851507
143921009
143926740
143983222 141016012 60227758 127021583
144052490
144130907 153796981
144144350 151211223
144153264
144199694
144203218
144220425 62010961
144224271
144256532
144297391 68594344 123528677
144327366
144367046 139582509 171601936
144419704
144483929 246998853
150718436
150723750
150803193
150823991 126028609
150832012
150907468
150933983
151009086 34644895
151011173
151024504
151030712 117459967 276354443
151061878
151076900
151085224
151090953
151112910 96372802
151210264
151211223 144144350 200118990
151229692
151274978
151300435
151301864
151309521 164319205
151319622
151363172
151379477
151395253
151401252
151442841
151491240
151496173 55744359
151518487 28546726 8435708
151570215
151591033
151622683
151632089
151633723 87804008
151660794
151688894
151707628 120660287 147325633
151727586
151738204 130297600
151756109 59986074
151769848
151779363 171882074
151782998
151810106 12249980
151843028
151919513
151929288 18844755
151938427
152041991 175138364 77759818
152071108 172102354 42643792
152077735 145828030
152090313
152134489
152136712
152153165 140868598
152182830 136810187
152189526 171738734 42367910 75616398 109870451 134733751 139582509
152220866
152259232
152266424
152345033
152415533
152431102
152481585
152485890 129578486 132657394
152567249 172102354 199111086
152568156 97489728
152589913
152786697 79185436 258571525
152804017
152821441
152868367
152888031 172297017 112330841
152895694
152908345 276403855 271114523 43753633 52636262 133961420
152969842
152978840
153044524 202562747
153116099
153118886
153137690
153164640
153171539
153180194 167953093
153210131
153240516
153247289
153261257
153270702
153313096
153344428 165142619
153382246 7142964
153386145
153391579
153400217
153485982 65455937
153489737
153521435
153554784
153564830
153589882
153607718 97894936
153625402 168794188 271133602 92887126 180688739
153633063
153643682
153655336 153670667
153670667 153655336
153682084 37112858
153724335 32267466
153779914
153784831
153796981 5896843 144130907 181540385
153821539 114795497
153906428
153915890 154135626
153942334
153958306 52226071
153969811 219818041
153970245
153971663
154050870
154052733
154071334 234184693
154079212
154086929
154088017
154128963
154135626 153915890
154211968
154304107
154386667
154435223
154447478
154463566 51919530 61557787
154477052
154515522 147306522
154543610 52636262
154559402
154564425
154572013
154587827
154598883
154610121
154624057 162425988
154651539
154668941
154674781
154711488
154772776
154783570
154798758 18797797 166206860
154880646
154881324
154948849
154951739
154957032
155021472 199963827
155039656
155103712
155116812 91255345
155168032 164594032
155181087 111857593 163790329
155184285 249548173
155193291
155212632
155224043
155225240
155234645 173046399
155239478 59620584
155249668
155254452 114447931 199849051
155289215
155327501
155391992 196241499
155446957 274464639 52666827
155453878
155485934 188671589
155511039
155524469
155671187 147173465 92414064
155694276 65733117
155737418
155756278
155760295 198216612
155767733 137533165 138584327
155782982 145703520 157894180 146415045
155812915
155826398 258272425
155871860
155942962 223094372
156025224 35383791
156029693 40451482 92742521
156053276
156130136
156134857 135582160
156174756
156186652 41053191 49689382
156244886
156259334 213650317
156269252 147306522 259656287
156287829
156306195
156376311
156385013
156405222
156416262
156521508 138562599 163390745
156545551
156554188 116404223
156565776 272477703
156573067
156604349
156629730 84897279
156634763
156694989
156820548
156822099
156826848
157027765 40902836
157039574 40650477
157056717
157082072 127021583
157091512
157108560
157109110
157113279
157205624
157231555
157247455
157264042 102077269
157356097
157357728
157376889
157462743
157544631
157605539
157607755
157629621
157654002
157693344
157699004
157740344
157852178 135135193
157894180 209635703 146415045 155782982 159934351 166234429 199795871
157925979
157960216 205494518
158058966
162435471
162511099
162554810
162567524
162607331
162627539
162659940
162707193
162847415
162922969
163066235
163135453 171346886
163144173
163226273
163240353
163242449
163348120
163390745 174140836 156521508
163424415
163597324
163651204
163694580
163711342 253902783 76360234 127815104 198797092
163780097 146703361
163790329 111857593
163807014
163830880 79661192
163858491
163908947
163978869
164013045
164128603
164319205 151309521
164411047 34644895
164424571 34644895 39585429
164458331
164490814 36896962
164550306
164594032 155168032
164642113
164653616
164730721
164779338 53748929
164785447
164949812
164996005
165127632
165142619 153344428
165153497 196763280
165161812
160187776 198700862 79725478 216412178
160211784 185577430
160262678
160351801
160384585
160435731
160472740 253902783 76360234 198797092
160522468
160594391
160614547 213981830 33143362 224362523
160655791 30239497 38825163
160744236
160744402 141135997
160842260 133468278
160855160
160892844 64227461
160895843
160895883 135135193
160905456
160926926
160960834
161036747 141884252 83352160
161065580
161075511 139298247
161090391
161296177
161334295
161364308
161371659
161489293
161537953
161659956
161679555
161732047
161735926
161826730 181259826 203126500 79185436
161834744
161847076 114474154
161885654
161953533
161997478
162046866
162144380
162425988 142469246 154624057 47523966 6771330 183102635 211142430
158063796 133661806
159934351 145893599 157894180 174304127 188628415 188194953 114291113 146415045
167980847 87804008 134710743
169168183 139590172 182508014 192497257 217982626
174140836 138562599 163390745
174304127 114291113 159934351
172102354 152567249 152071108
172362083 237148229
172640916 132371093
172651446 115523489
166234429 157894180 176144005 114291113 123836808 146415045
175846317 247310513 132975762 231998063 227556821
179892057 61191449 114447931 199849051
181259826 203126500 161826730
181459257 131793757 136291573
191633236 158338764 5896843 32613854 6771330 182359828
192497257 149201528 169168183 217982626
188194953 34644895 114291113 123836808 146415045 159934351 215594192
188648910 196239819 258832951 66823741
189003048 187689686 70152665 139327862
189244189 254189153 250304545 170428706 202588393
196239819 187535079 258832951 66823741 188648910
196241499 34644895 38052269 83985522 155391992
203126500 181259826 79185436 161826730
212956476 197604871
213168139 102698544
213981830 160614547 33143362 224362523
215594192 188194953 114291113 146415045
216412178 186856590 79725478 160187776
219818041 168522719 250295807 153969811 183441710 212013454
224362523 213981830 160614547 33143362
224840097 8660065 32267466 33617765 38825163 50887336 199476551
234358274 139220503 159886406
236636269 243620875 204091677
236654802 134840490 240963380
238274778 209775898 138053526
243620875 134053681 236636269
246998853 266633252 135360894 144483929
247310513 175846317 227556821
253902783 127815104 160472740 163711342
258832951 196239819 66823741 188648910
265488529 213563148 199795871
275270776 195309201 212500130
276354443 151030712
276403855 152908345 133961420
277288483 190470813
278998735 145484255
279495245 136291573
279614229 135135193
281194000 136291573
